# Time-averaged data for fix 3
# TimeStep v_strain v_stress_GPa
100 2.525e-05 0.550492
200 7.525e-05 0.621804
300 0.00012525 0.643856
400 0.00017525 0.611544
500 0.00022525 0.564135
600 0.00027525 0.637689
700 0.00032525 0.672954
800 0.00037525 0.56454
900 0.00042525 0.649924
1000 0.00047525 0.719368
1100 0.00052525 0.598785
1200 0.00057525 0.598069
1300 0.00062525 0.556452
1400 0.00067525 0.609314
1500 0.00072525 0.601633
1600 0.00077525 0.729039
1700 0.00082525 0.656336
1800 0.00087525 0.647779
1900 0.00092525 0.591465
2000 0.00097525 0.544226
2100 0.00102525 0.632829
2200 0.00107525 0.56167
2300 0.00112525 0.686987
2400 0.00117525 0.75707
2500 0.00122525 0.675537
2600 0.00127525 0.611983
2700 0.00132525 0.515059
2800 0.00137525 0.634006
2900 0.00142525 0.677098
3000 0.00147525 0.690526
3100 0.00152525 0.635166
3200 0.00157525 0.681152
3300 0.00162525 0.673662
3400 0.00167525 0.607125
3500 0.00172525 0.65675
3600 0.00177525 0.625169
3700 0.00182525 0.710122
3800 0.00187525 0.710693
3900 0.00192525 0.646472
4000 0.00197525 0.643145
4100 0.00202525 0.617679
4200 0.00207525 0.60855
4300 0.00212525 0.683109
4400 0.00217525 0.700926
4500 0.00222525 0.57204
4600 0.00227525 0.665195
4700 0.00232525 0.600225
4800 0.00237525 0.698628
4900 0.00242525 0.716731
5000 0.00247525 0.631379
5100 0.00252525 0.626887
5200 0.00257525 0.630999
5300 0.00262525 0.620607
5400 0.00267525 0.676657
5500 0.00272525 0.622783
5600 0.00277525 0.67737
5700 0.00282525 0.654205
5800 0.00287525 0.68844
5900 0.00292525 0.648024
6000 0.00297525 0.661506
6100 0.00302525 0.702505
6200 0.00307525 0.699136
6300 0.00312525 0.63237
6400 0.00317525 0.716572
6500 0.00322525 0.658282
6600 0.00327525 0.670181
6700 0.00332525 0.683898
6800 0.00337525 0.67509
6900 0.00342525 0.630524
7000 0.00347525 0.636253
7100 0.00352525 0.655454
7200 0.00357525 0.661066
7300 0.00362525 0.748577
7400 0.00367525 0.761762
7500 0.00372525 0.66341
7600 0.00377525 0.701939
7700 0.00382525 0.626082
7800 0.00387525 0.649503
7900 0.00392525 0.664098
8000 0.00397525 0.814022
8100 0.00402525 0.782742
8200 0.00407525 0.718599
8300 0.00412525 0.629115
8400 0.00417525 0.661052
8500 0.00422525 0.688985
8600 0.00427525 0.81062
8700 0.00432525 0.725371
8800 0.00437525 0.749173
8900 0.00442525 0.687871
9000 0.00447525 0.658163
9100 0.00452525 0.718388
9200 0.00457525 0.681595
9300 0.00462525 0.793774
9400 0.00467525 0.741657
9500 0.00472525 0.677642
9600 0.00477525 0.765116
9700 0.00482525 0.694819
9800 0.00487525 0.741835
9900 0.00492525 0.7009
10000 0.00497525 0.695768
10100 0.00502525 0.765439
10200 0.00507525 0.736784
10300 0.00512525 0.753838
10400 0.00517525 0.761179
10500 0.00522525 0.692688
10600 0.00527525 0.773473
10700 0.00532525 0.726109
10800 0.00537525 0.72701
10900 0.00542525 0.743907
11000 0.00547525 0.772316
11100 0.00552525 0.797787
11200 0.00557525 0.720761
11300 0.00562525 0.68655
11400 0.00567525 0.712631
11500 0.00572525 0.763843
11600 0.00577525 0.824979
11700 0.00582525 0.79549
11800 0.00587525 0.713722
11900 0.00592525 0.73898
12000 0.00597525 0.720177
12100 0.00602525 0.819346
12200 0.00607525 0.819518
12300 0.00612525 0.79299
12400 0.00617525 0.802197
12500 0.00622525 0.705038
12600 0.00627525 0.722763
12700 0.00632525 0.81626
12800 0.00637525 0.811851
12900 0.00642525 0.801423
13000 0.00647525 0.733675
13100 0.00652525 0.759635
13200 0.00657525 0.747872
13300 0.00662525 0.866087
13400 0.00667525 0.808899
13500 0.00672525 0.773448
13600 0.00677525 0.727807
13700 0.00682525 0.791055
13800 0.00687525 0.794508
13900 0.00692525 0.79627
14000 0.00697525 0.821062
14100 0.00702525 0.780483
14200 0.00707525 0.82311
14300 0.00712525 0.844919
14400 0.00717525 0.744236
14500 0.00722525 0.767112
14600 0.00727525 0.812317
14700 0.00732525 0.816993
14800 0.00737525 0.852361
14900 0.00742525 0.858488
15000 0.00747525 0.793787
15100 0.00752525 0.759492
15200 0.00757525 0.795696
15300 0.00762525 0.823509
15400 0.00767525 0.929646
15500 0.00772525 0.876264
15600 0.00777525 0.7659
15700 0.00782525 0.774641
15800 0.00787525 0.802045
15900 0.00792525 0.868932
16000 0.00797525 0.859229
16100 0.00802525 0.83144
16200 0.00807525 0.848152
16300 0.00812525 0.845935
16400 0.00817525 0.804601
16500 0.00822525 0.844944
16600 0.00827525 0.875993
16700 0.00832525 0.923024
16800 0.00837525 0.838559
16900 0.00842525 0.854759
17000 0.00847525 0.801334
17100 0.00852525 0.804892
17200 0.00857525 0.883443
17300 0.00862525 0.862573
17400 0.00867525 0.905928
17500 0.00872525 0.848615
17600 0.00877525 0.828862
17700 0.00882525 0.853621
17800 0.00887525 0.778312
17900 0.00892525 0.849552
18000 0.00897525 0.950805
18100 0.00902525 0.887191
18200 0.00907525 0.879725
18300 0.00912525 0.796862
18400 0.00917525 0.814711
18500 0.00922525 0.872529
18600 0.00927525 0.883154
18700 0.00932525 0.904848
18800 0.00937525 0.85804
18900 0.00942525 0.853525
19000 0.00947525 0.816348
19100 0.00952525 0.961859
19200 0.00957525 0.926898
19300 0.00962525 0.916346
19400 0.00967525 0.864851
19500 0.00972525 0.89377
19600 0.00977525 0.861346
19700 0.00982525 0.819585
19800 0.00987525 0.936245
19900 0.00992525 0.928204
20000 0.00997525 0.948658
20100 0.0100252 0.887921
20200 0.0100753 0.846475
20300 0.0101253 0.840189
20400 0.0101753 0.898862
20500 0.0102253 1.00073
20600 0.0102753 0.923269
20700 0.0103252 0.942228
20800 0.0103753 0.862142
20900 0.0104253 0.847911
21000 0.0104753 0.91672
21100 0.0105253 1.00083
21200 0.0105753 0.912622
21300 0.0106252 0.990027
21400 0.0106753 0.934019
21500 0.0107253 0.817136
21600 0.0107753 0.912085
21700 0.0108253 0.962044
21800 0.0108753 0.968468
21900 0.0109253 0.882844
22000 0.0109753 0.861454
22100 0.0110253 0.90491
22200 0.0110752 0.93293
22300 0.0111252 0.965454
22400 0.0111753 0.932019
22500 0.0112253 0.917103
22600 0.0112753 0.939
22700 0.0113253 0.976392
22800 0.0113753 0.883089
22900 0.0114252 0.874764
23000 0.0114753 0.933406
23100 0.0115253 0.941909
23200 0.0115752 1.01524
23300 0.0116253 0.932279
23400 0.0116752 0.934497
23500 0.0117253 0.898202
23600 0.0117753 0.930017
23700 0.0118253 1.01144
23800 0.0118753 1.0036
23900 0.0119253 0.967077
24000 0.0119752 0.952194
24100 0.0120253 0.930583
24200 0.0120753 0.945874
24300 0.0121252 1.01846
24400 0.0121752 1.04325
24500 0.0122253 0.997495
24600 0.0122753 0.948662
24700 0.0123253 0.966128
24800 0.0123753 0.987032
24900 0.0124253 0.934143
25000 0.0124753 0.99535
25100 0.0125253 1.01978
25200 0.0125753 1.03059
25300 0.0126252 0.983254
25400 0.0126753 0.97254
25500 0.0127253 0.894239
25600 0.0127753 1.01533
25700 0.0128253 1.05597
25800 0.0128752 1.06683
25900 0.0129252 1.03065
26000 0.0129753 0.938144
26100 0.0130252 0.98556
26200 0.0130753 1.0073
26300 0.0131253 0.987913
26400 0.0131753 1.08661
26500 0.0132253 0.988675
26600 0.0132753 0.988504
26700 0.0133253 1.04328
26800 0.0133753 1.02266
26900 0.0134253 1.01512
27000 0.0134753 1.02682
27100 0.0135252 1.031
27200 0.0135753 0.967888
27300 0.0136253 1.03013
27400 0.0136753 1.01874
27500 0.0137253 1.07381
27600 0.0137752 1.00041
27700 0.0138253 0.964641
27800 0.0138753 1.03489
27900 0.0139253 1.07041
28000 0.0139753 1.04997
28100 0.0140253 1.06627
28200 0.0140753 1.07984
28300 0.0141253 0.988036
28400 0.0141753 1.04917
28500 0.0142253 0.994689
28600 0.0142753 1.06294
28700 0.0143253 1.06956
28800 0.0143753 1.02568
28900 0.0144253 1.09037
29000 0.0144753 0.999177
29100 0.0145253 1.07835
29200 0.0145753 1.1093
29300 0.0146253 1.05444
29400 0.0146753 1.10063
29500 0.0147252 1.07047
29600 0.0147753 1.01807
29700 0.0148253 1.09817
29800 0.0148753 0.984962
29900 0.0149253 1.05731
30000 0.0149753 1.13527
30100 0.0150253 1.15158
30200 0.0150753 1.07501
30300 0.0151253 1.03564
30400 0.0151753 0.997632
30500 0.0152253 1.04541
30600 0.0152753 1.02549
30700 0.0153253 1.19204
30800 0.0153753 1.15785
30900 0.0154253 1.09714
31000 0.0154752 1.04088
31100 0.0155253 0.969643
31200 0.0155753 0.988241
31300 0.0156253 1.16716
31400 0.0156753 1.15819
31500 0.0157253 1.14305
31600 0.0157753 1.04147
31700 0.0158253 1.04309
31800 0.0158753 1.08197
31900 0.0159253 1.08169
32000 0.0159753 1.15205
32100 0.0160253 1.20961
32200 0.0160753 1.17524
32300 0.0161253 1.04797
32400 0.0161753 1.05319
32500 0.0162253 1.05526
32600 0.0162753 1.11999
32700 0.0163253 1.1488
32800 0.0163752 1.15004
32900 0.0164253 1.17096
33000 0.0164753 1.20452
33100 0.0165253 1.07188
33200 0.0165753 1.03427
33300 0.0166253 1.04557
33400 0.0166753 1.1953
33500 0.0167253 1.27996
33600 0.0167753 1.25091
33700 0.0168253 1.15747
33800 0.0168753 1.03494
33900 0.0169252 1.07025
34000 0.0169752 1.12296
34100 0.0170253 1.22794
34200 0.0170753 1.24401
34300 0.0171252 1.17163
34400 0.0171753 1.11036
34500 0.0172253 1.04412
34600 0.0172753 1.08256
34700 0.0173253 1.22624
34800 0.0173753 1.26458
34900 0.0174253 1.24248
35000 0.0174753 1.19937
35100 0.0175253 1.08144
35200 0.0175753 1.15753
35300 0.0176253 1.13046
35400 0.0176753 1.27656
35500 0.0177252 1.23737
35600 0.0177753 1.18119
35700 0.0178253 1.14467
35800 0.0178752 1.12728
35900 0.0179253 1.15817
36000 0.0179753 1.16103
36100 0.0180253 1.21161
36200 0.0180753 1.23878
36300 0.0181253 1.15113
36400 0.0181753 1.14497
36500 0.0182253 1.17756
36600 0.0182753 1.1612
36700 0.0183253 1.24302
36800 0.0183753 1.23138
36900 0.0184253 1.21838
37000 0.0184753 1.23474
37100 0.0185253 1.15375
37200 0.0185753 1.17869
37300 0.0186253 1.16261
37400 0.0186753 1.22363
37500 0.0187253 1.28743
37600 0.0187753 1.1816
37700 0.0188253 1.16472
37800 0.0188753 1.13855
37900 0.0189253 1.15465
38000 0.0189753 1.24682
38100 0.0190253 1.264
38200 0.0190752 1.25192
38300 0.0191253 1.19636
38400 0.0191753 1.15103
38500 0.0192253 1.18704
38600 0.0192753 1.31443
38700 0.0193253 1.20805
38800 0.0193753 1.22303
38900 0.0194253 1.21257
39000 0.0194753 1.12025
39100 0.0195253 1.19296
39200 0.0195753 1.2174
39300 0.0196253 1.31519
39400 0.0196753 1.26968
39500 0.0197253 1.1939
39600 0.0197753 1.12538
39700 0.0198253 1.13592
39800 0.0198753 1.19775
39900 0.0199253 1.31057
40000 0.0199753 1.32788
40100 0.0200253 1.23334
40200 0.0200753 1.15882
40300 0.0201253 1.15309
40400 0.0201753 1.19686
40500 0.0202253 1.19245
40600 0.0202752 1.27276
40700 0.0203253 1.3209
40800 0.0203753 1.2095
40900 0.0204252 1.1415
41000 0.0204753 1.24257
41100 0.0205253 1.20826
41200 0.0205753 1.28744
41300 0.0206253 1.27601
41400 0.0206753 1.20889
41500 0.0207253 1.25668
41600 0.0207752 1.22382
41700 0.0208253 1.19799
41800 0.0208753 1.23855
41900 0.0209253 1.27982
42000 0.0209753 1.3148
42100 0.0210252 1.25544
42200 0.0210753 1.25721
42300 0.0211253 1.25777
42400 0.0211752 1.26637
42500 0.0212253 1.16678
42600 0.0212752 1.32031
42700 0.0213253 1.2797
42800 0.0213753 1.27657
42900 0.0214253 1.23291
43000 0.0214753 1.27177
43100 0.0215252 1.29063
43200 0.0215753 1.27645
43300 0.0216253 1.27391
43400 0.0216753 1.31827
43500 0.0217253 1.21677
43600 0.0217752 1.36497
43700 0.0218253 1.28767
43800 0.0218753 1.23263
43900 0.0219253 1.29864
44000 0.0219753 1.32196
44100 0.0220252 1.37138
44200 0.0220753 1.33177
44300 0.0221253 1.18074
44400 0.0221753 1.24691
44500 0.0222253 1.30922
44600 0.0222752 1.37399
44700 0.0223253 1.31561
44800 0.0223752 1.29934
44900 0.0224253 1.24171
45000 0.0224753 1.21588
45100 0.0225252 1.32008
45200 0.0225753 1.33491
45300 0.0226253 1.3079
45400 0.0226752 1.30299
45500 0.0227253 1.31375
45600 0.0227753 1.26357
45700 0.0228253 1.28713
45800 0.0228753 1.34209
45900 0.0229253 1.34544
46000 0.0229753 1.27247
46100 0.0230252 1.29891
46200 0.0230753 1.24822
46300 0.0231253 1.37591
46400 0.0231752 1.33187
46500 0.0232253 1.35462
46600 0.0232752 1.21894
46700 0.0233253 1.21807
46800 0.0233753 1.34306
46900 0.0234252 1.41505
47000 0.0234753 1.35063
47100 0.0235253 1.31457
47200 0.0235753 1.23531
47300 0.0236253 1.29467
47400 0.0236752 1.30556
47500 0.0237253 1.39185
47600 0.0237752 1.32787
47700 0.0238253 1.23174
47800 0.0238753 1.29552
47900 0.0239252 1.32734
48000 0.0239753 1.32489
48100 0.0240253 1.42332
48200 0.0240753 1.32713
48300 0.0241253 1.30163
48400 0.0241752 1.28662
48500 0.0242253 1.31941
48600 0.0242753 1.35728
48700 0.0243253 1.31598
48800 0.0243753 1.39748
48900 0.0244253 1.37811
49000 0.0244753 1.3147
49100 0.0245253 1.31011
49200 0.0245753 1.33383
49300 0.0246253 1.38978
49400 0.0246752 1.40413
49500 0.0247253 1.38407
49600 0.0247753 1.34159
49700 0.0248253 1.31726
49800 0.0248753 1.32598
49900 0.0249252 1.40102
50000 0.0249753 1.38078
50100 0.0250253 1.36682
50200 0.0250753 1.39036
50300 0.0251253 1.40723
50400 0.0251753 1.4493
50500 0.0252253 1.36025
50600 0.0252752 1.32378
50700 0.0253253 1.36548
50800 0.0253753 1.40122
50900 0.0254253 1.47556
51000 0.0254753 1.39465
51100 0.0255253 1.34842
51200 0.0255753 1.42399
51300 0.0256253 1.40345
51400 0.0256752 1.41662
51500 0.0257253 1.41266
51600 0.0257753 1.39641
51700 0.0258253 1.41606
51800 0.0258753 1.48435
51900 0.0259253 1.38941
52000 0.0259753 1.35116
52100 0.0260253 1.39219
52200 0.0260753 1.41164
52300 0.0261253 1.43837
52400 0.0261752 1.46938
52500 0.0262253 1.42553
52600 0.0262753 1.33153
52700 0.0263252 1.38472
52800 0.0263753 1.36607
52900 0.0264253 1.46235
53000 0.0264752 1.43009
53100 0.0265253 1.40991
53200 0.0265753 1.39067
53300 0.0266253 1.37551
53400 0.0266753 1.38074
53500 0.0267253 1.47132
53600 0.0267753 1.48457
53700 0.0268253 1.51366
53800 0.0268753 1.42147
53900 0.0269252 1.35288
54000 0.0269753 1.37211
54100 0.0270253 1.52153
54200 0.0270753 1.51339
54300 0.0271253 1.49136
54400 0.0271752 1.39781
54500 0.0272253 1.31162
54600 0.0272753 1.435
54700 0.0273253 1.4822
54800 0.0273753 1.52411
54900 0.0274253 1.47389
55000 0.0274753 1.42145
55100 0.0275253 1.45259
55200 0.0275753 1.38044
55300 0.0276253 1.39801
55400 0.0276752 1.47764
55500 0.0277253 1.51199
55600 0.0277753 1.4563
55700 0.0278253 1.42786
55800 0.0278753 1.38121
55900 0.0279252 1.39079
56000 0.0279753 1.46277
56100 0.0280253 1.5186
56200 0.0280753 1.5523
56300 0.0281253 1.51503
56400 0.0281752 1.49055
56500 0.0282253 1.41555
56600 0.0282753 1.42354
56700 0.0283253 1.48341
56800 0.0283753 1.52302
56900 0.0284252 1.56053
57000 0.0284753 1.51695
57100 0.0285253 1.51495
57200 0.0285753 1.42173
57300 0.0286253 1.48437
57400 0.0286752 1.46873
57500 0.0287253 1.48092
57600 0.0287753 1.56228
57700 0.0288253 1.49975
57800 0.0288753 1.49524
57900 0.0289252 1.46863
58000 0.0289753 1.45312
58100 0.0290253 1.4406
58200 0.0290753 1.49955
58300 0.0291253 1.55634
58400 0.0291752 1.50505
58500 0.0292253 1.45616
58600 0.0292753 1.47591
58700 0.0293253 1.4897
58800 0.0293753 1.55968
58900 0.0294253 1.56429
59000 0.0294753 1.47694
59100 0.0295253 1.53371
59200 0.0295753 1.44646
59300 0.0296253 1.51766
59400 0.0296752 1.51108
59500 0.0297253 1.55369
59600 0.0297753 1.52284
59700 0.0298253 1.49359
59800 0.0298753 1.47941
59900 0.0299252 1.50833
60000 0.0299753 1.5397
60100 0.0300253 1.52163
60200 0.0300752 1.54337
60300 0.0301253 1.54864
60400 0.0301752 1.59542
60500 0.0302253 1.41313
60600 0.0302753 1.48054
60700 0.0303253 1.51964
60800 0.0303753 1.51581
60900 0.0304253 1.58879
61000 0.0304753 1.55965
61100 0.0305253 1.44092
61200 0.0305753 1.51523
61300 0.0306253 1.52672
61400 0.0306752 1.556
61500 0.0307253 1.54395
61600 0.0307753 1.53177
61700 0.0308253 1.5874
61800 0.0308753 1.53714
61900 0.0309253 1.60082
62000 0.0309753 1.54561
62100 0.0310253 1.55233
62200 0.0310753 1.56098
62300 0.0311253 1.61776
62400 0.0311753 1.52057
62500 0.0312253 1.52446
62600 0.0312753 1.58326
62700 0.0313253 1.53905
62800 0.0313753 1.62554
62900 0.0314252 1.5792
63000 0.0314753 1.51893
63100 0.0315253 1.53085
63200 0.0315753 1.51804
63300 0.0316253 1.55937
63400 0.0316753 1.53334
63500 0.0317253 1.62081
63600 0.0317753 1.60832
63700 0.0318253 1.64613
63800 0.0318753 1.50158
63900 0.0319252 1.5494
64000 0.0319753 1.48752
64100 0.0320252 1.61238
64200 0.0320753 1.65239
64300 0.0321253 1.62588
64400 0.0321752 1.66195
64500 0.0322253 1.5551
64600 0.0322753 1.5429
64700 0.0323253 1.58688
64800 0.0323753 1.52504
64900 0.0324253 1.66836
65000 0.0324753 1.64867
65100 0.0325253 1.5908
65200 0.0325753 1.6269
65300 0.0326252 1.536
65400 0.0326753 1.52755
65500 0.0327253 1.6308
65600 0.0327752 1.69418
65700 0.0328253 1.66444
65800 0.0328753 1.60331
65900 0.0329252 1.56845
66000 0.0329753 1.5442
66100 0.0330253 1.56591
66200 0.0330753 1.60567
66300 0.0331253 1.68302
66400 0.0331753 1.66019
66500 0.0332253 1.62674
66600 0.0332753 1.56941
66700 0.0333253 1.59992
66800 0.0333753 1.61058
66900 0.0334253 1.66247
67000 0.0334753 1.65308
67100 0.0335253 1.70148
67200 0.0335753 1.60645
67300 0.0336253 1.5885
67400 0.0336753 1.65571
67500 0.0337253 1.57233
67600 0.0337753 1.58237
67700 0.0338253 1.61559
67800 0.0338753 1.58621
67900 0.0339253 1.67623
68000 0.0339753 1.61039
68100 0.0340253 1.63054
68200 0.0340753 1.65408
68300 0.0341253 1.62875
68400 0.0341753 1.68262
68500 0.0342253 1.68798
68600 0.0342753 1.66446
68700 0.0343253 1.59813
68800 0.0343753 1.56078
68900 0.0344253 1.61652
69000 0.0344753 1.62411
69100 0.0345253 1.72653
69200 0.0345753 1.77145
69300 0.0346253 1.68843
69400 0.0346753 1.61211
69500 0.0347253 1.48244
69600 0.0347753 1.61038
69700 0.0348253 1.66316
69800 0.0348753 1.83011
69900 0.0349253 1.81877
70000 0.0349753 1.74043
70100 0.0350253 1.52336
70200 0.0350753 1.63529
70300 0.0351253 1.68027
70400 0.0351753 1.69449
70500 0.0352253 1.67026
70600 0.0352753 1.72196
70700 0.0353253 1.73394
70800 0.0353753 1.65275
70900 0.0354253 1.71358
71000 0.0354753 1.62185
71100 0.0355252 1.65614
71200 0.0355753 1.62065
71300 0.0356253 1.69229
71400 0.0356753 1.72876
71500 0.0357253 1.72284
71600 0.0357752 1.75329
71700 0.0358253 1.74082
71800 0.0358753 1.65399
71900 0.0359253 1.66112
72000 0.0359753 1.69539
72100 0.0360253 1.76762
72200 0.0360753 1.79581
72300 0.0361253 1.69539
72400 0.0361753 1.7774
72500 0.0362253 1.66257
72600 0.0362753 1.69334
72700 0.0363253 1.74478
72800 0.0363753 1.69836
72900 0.0364253 1.78107
73000 0.0364753 1.78844
73100 0.0365253 1.75096
73200 0.0365753 1.75915
73300 0.0366253 1.67988
73400 0.0366753 1.74324
73500 0.0367253 1.76864
73600 0.0367753 1.74655
73700 0.0368253 1.78867
73800 0.0368753 1.81674
73900 0.0369253 1.74245
74000 0.0369753 1.66593
74100 0.0370253 1.74985
74200 0.0370753 1.76523
74300 0.0371253 1.82547
74400 0.0371753 1.78045
74500 0.0372253 1.78188
74600 0.0372753 1.74169
74700 0.0373253 1.73144
74800 0.0373753 1.76988
74900 0.0374253 1.7819
75000 0.0374753 1.78872
75100 0.0375253 1.8344
75200 0.0375753 1.8073
75300 0.0376253 1.74798
75400 0.0376753 1.73122
75500 0.0377253 1.66398
75600 0.0377753 1.80116
75700 0.0378253 1.88717
75800 0.0378753 1.85162
75900 0.0379253 1.87028
76000 0.0379753 1.73017
76100 0.0380253 1.70405
76200 0.0380753 1.76197
76300 0.0381253 1.79201
76400 0.0381753 1.8543
76500 0.0382253 1.83637
76600 0.0382753 1.73708
76700 0.0383253 1.71966
76800 0.0383753 1.7477
76900 0.0384253 1.80861
77000 0.0384753 1.83785
77100 0.0385253 1.84894
77200 0.0385753 1.72917
77300 0.0386253 1.70031
77400 0.0386753 1.77868
77500 0.0387253 1.68941
77600 0.0387753 1.79929
77700 0.0388253 1.82689
77800 0.0388753 1.7775
77900 0.0389253 1.75119
78000 0.0389753 1.79832
78100 0.0390253 1.83748
78200 0.0390753 1.76283
78300 0.0391253 1.76739
78400 0.0391753 1.79632
78500 0.0392253 1.91162
78600 0.0392753 1.85607
78700 0.0393253 1.7732
78800 0.0393753 1.77213
78900 0.0394253 1.68564
79000 0.0394753 1.739
79100 0.0395253 1.90224
79200 0.0395753 1.85073
79300 0.0396253 1.80026
79400 0.0396753 1.74963
79500 0.0397253 1.76772
79600 0.0397753 1.7568
79700 0.0398253 1.82779
79800 0.0398753 1.85126
79900 0.0399253 1.81082
80000 0.0399753 1.83234
80100 0.0400253 1.76745
80200 0.0400753 1.70222
80300 0.0401253 1.85851
80400 0.0401753 1.89104
80500 0.0402253 1.87271
80600 0.0402753 1.86544
80700 0.0403253 1.77467
80800 0.0403753 1.80249
80900 0.0404253 1.81616
81000 0.0404753 1.89691
81100 0.0405253 1.89443
81200 0.0405753 1.86936
81300 0.0406253 1.87193
81400 0.0406753 1.78248
81500 0.0407253 1.80486
81600 0.0407753 1.8728
81700 0.0408253 1.84738
81800 0.0408753 1.83881
81900 0.0409253 1.87908
82000 0.0409753 1.8651
82100 0.0410253 1.79181
82200 0.0410753 1.8495
82300 0.0411253 1.80664
82400 0.0411753 1.93705
82500 0.0412253 1.8501
82600 0.0412753 1.86852
82700 0.0413253 1.87441
82800 0.0413753 1.78844
82900 0.0414253 1.86148
83000 0.0414753 1.86641
83100 0.0415253 1.94939
83200 0.0415753 1.91234
83300 0.0416253 1.87533
83400 0.0416753 1.83922
83500 0.0417253 1.81856
83600 0.0417753 1.87585
83700 0.0418253 1.83125
83800 0.0418753 1.98701
83900 0.0419253 1.94693
84000 0.0419753 1.87849
84100 0.0420253 1.76998
84200 0.0420753 1.77641
84300 0.0421253 1.87564
84400 0.0421753 1.91729
84500 0.0422253 1.9709
84600 0.0422753 1.98032
84700 0.0423253 1.84297
84800 0.0423753 1.84845
84900 0.0424252 1.83838
85000 0.0424753 1.8277
85100 0.0425253 1.91611
85200 0.0425753 1.95694
85300 0.0426253 1.98677
85400 0.0426753 2.00783
85500 0.0427253 1.8789
85600 0.0427753 1.85853
85700 0.0428253 1.82883
85800 0.0428753 1.93268
85900 0.0429253 2.02852
86000 0.0429753 1.93532
86100 0.0430253 1.91759
86200 0.0430753 1.87131
86300 0.0431253 1.8175
86400 0.0431752 1.96051
86500 0.0432253 1.94884
86600 0.0432753 1.96495
86700 0.0433252 2.01565
86800 0.0433753 1.92153
86900 0.0434252 1.92125
87000 0.0434753 1.84254
87100 0.0435253 1.89848
87200 0.0435753 1.94634
87300 0.0436253 1.96223
87400 0.0436753 2.01141
87500 0.0437253 2.00462
87600 0.0437753 1.91704
87700 0.0438253 1.86026
87800 0.0438753 1.87276
87900 0.0439252 1.91847
88000 0.0439753 2.04105
88100 0.0440253 2.00719
88200 0.0440753 1.95431
88300 0.0441253 1.94351
88400 0.0441753 1.92604
88500 0.0442253 1.94976
88600 0.0442753 2.04578
88700 0.0443253 2.01095
88800 0.0443752 1.98638
88900 0.0444252 1.92014
89000 0.0444753 1.94001
89100 0.0445253 1.99068
89200 0.0445753 1.97712
89300 0.0446253 1.95809
89400 0.0446752 1.95461
89500 0.0447253 1.99625
89600 0.0447753 1.97575
89700 0.0448253 1.99424
89800 0.0448753 2.01194
89900 0.0449253 1.98541
90000 0.0449753 1.9973
90100 0.0450253 1.97268
90200 0.0450753 2.04623
90300 0.0451253 2.04052
90400 0.0451752 2.0134
90500 0.0452253 1.95337
90600 0.0452752 1.96308
90700 0.0453253 1.97949
90800 0.0453753 1.94768
90900 0.0454252 2.05104
91000 0.0454753 2.04801
91100 0.0455253 1.99776
91200 0.0455753 2.02135
91300 0.0456253 2.01002
91400 0.0456753 1.95109
91500 0.0457253 1.99804
91600 0.0457753 2.01207
91700 0.0458253 2.01221
91800 0.0458753 2.00124
91900 0.0459253 1.97489
92000 0.0459753 2.01665
92100 0.0460252 1.99555
92200 0.0460753 2.05584
92300 0.0461253 2.0449
92400 0.0461752 2.05892
92500 0.0462253 2.03737
92600 0.0462753 1.97389
92700 0.0463253 2.08427
92800 0.0463753 2.06306
92900 0.0464253 2.02445
93000 0.0464753 1.97907
93100 0.0465253 1.98322
93200 0.0465753 2.11103
93300 0.0466253 2.15974
93400 0.0466753 2.07548
93500 0.0467253 2.05131
93600 0.0467753 1.97095
93700 0.0468253 1.96492
93800 0.0468753 2.05227
93900 0.0469253 2.09058
94000 0.0469753 2.17489
94100 0.0470253 2.13698
94200 0.0470753 2.01685
94300 0.0471253 1.98312
94400 0.0471753 2.04474
94500 0.0472253 2.05555
94600 0.0472752 2.17693
94700 0.0473253 2.16247
94800 0.0473753 2.07775
94900 0.0474253 2.03004
95000 0.0474753 2.02065
95100 0.0475252 2.07438
95200 0.0475753 2.13435
95300 0.0476253 2.18028
95400 0.0476753 2.15842
95500 0.0477252 2.13934
95600 0.0477753 2.0882
95700 0.0478253 2.05456
95800 0.0478753 2.12016
95900 0.0479253 2.11957
96000 0.0479753 2.12613
96100 0.0480252 2.07809
96200 0.0480753 2.11584
96300 0.0481253 2.12093
96400 0.0481753 2.1609
96500 0.0482253 2.10367
96600 0.0482752 2.10064
96700 0.0483253 2.14482
96800 0.0483753 2.11316
96900 0.0484253 2.17329
97000 0.0484753 2.07491
97100 0.0485253 2.04905
97200 0.0485753 2.16225
97300 0.0486253 2.11184
97400 0.0486753 2.13552
97500 0.0487253 2.17597
97600 0.0487753 2.153
97700 0.0488253 2.10324
97800 0.0488753 2.10305
97900 0.0489253 2.15914
98000 0.0489753 2.1988
98100 0.0490253 2.11839
98200 0.0490753 2.18491
98300 0.0491253 2.11486
98400 0.0491752 2.10378
98500 0.0492253 2.14432
98600 0.0492753 2.09446
98700 0.0493253 2.09335
98800 0.0493753 2.22047
98900 0.0494253 2.19698
99000 0.0494753 2.19905
99100 0.0495252 2.12506
99200 0.0495753 2.09516
99300 0.0496253 2.08844
99400 0.0496753 2.15431
99500 0.0497253 2.18279
99600 0.0497753 2.3074
99700 0.0498253 2.19242
99800 0.0498753 2.19513
99900 0.0499253 2.08325
100000 0.0499753 2.16518
100100 0.0500253 2.19855
100200 0.0500753 2.26868
100300 0.0501253 2.23859
100400 0.0501753 2.14
100500 0.0502253 2.12795
100600 0.0502753 2.14994
100700 0.0503253 2.15142
100800 0.0503753 2.22315
100900 0.0504253 2.19056
101000 0.0504753 2.22088
101100 0.0505253 2.21862
101200 0.0505753 2.21114
101300 0.0506253 2.12176
101400 0.0506753 2.20327
101500 0.0507253 2.26128
101600 0.0507753 2.31496
101700 0.0508253 2.26761
101800 0.0508753 2.2289
101900 0.0509253 2.16407
102000 0.0509753 2.19723
102100 0.0510252 2.23384
102200 0.0510753 2.16127
102300 0.0511253 2.2234
102400 0.0511753 2.28304
102500 0.0512253 2.2097
102600 0.0512753 2.2587
102700 0.0513253 2.24319
102800 0.0513753 2.18872
102900 0.0514253 2.16655
103000 0.0514753 2.18439
103100 0.0515253 2.32823
103200 0.0515753 2.30612
103300 0.0516253 2.24185
103400 0.0516753 2.21035
103500 0.0517253 2.17839
103600 0.0517752 2.25887
103700 0.0518253 2.25823
103800 0.0518753 2.26224
103900 0.0519253 2.24658
104000 0.0519753 2.25543
104100 0.0520252 2.17827
104200 0.0520753 2.23822
104300 0.0521253 2.23228
104400 0.0521753 2.21016
104500 0.0522253 2.24272
104600 0.0522753 2.29882
104700 0.0523253 2.2036
104800 0.0523752 2.2841
104900 0.0524253 2.25177
105000 0.0524753 2.30357
105100 0.0525253 2.29092
105200 0.0525753 2.27979
105300 0.0526253 2.29064
105400 0.0526753 2.2568
105500 0.0527253 2.16712
105600 0.0527752 2.24975
105700 0.0528253 2.32181
105800 0.0528753 2.35932
105900 0.0529253 2.28976
106000 0.0529753 2.36169
106100 0.0530252 2.22728
106200 0.0530753 2.21989
106300 0.0531252 2.31344
106400 0.0531753 2.33699
106500 0.0532253 2.32297
106600 0.0532753 2.31947
106700 0.0533253 2.29961
106800 0.0533753 2.3079
106900 0.0534253 2.31958
107000 0.0534753 2.31542
107100 0.0535253 2.28848
107200 0.0535753 2.33413
107300 0.0536252 2.27744
107400 0.0536753 2.29054
107500 0.0537253 2.30345
107600 0.0537753 2.35653
107700 0.0538253 2.36867
107800 0.0538752 2.32258
107900 0.0539253 2.29265
108000 0.0539753 2.30355
108100 0.0540253 2.28229
108200 0.0540753 2.30547
108300 0.0541252 2.41117
108400 0.0541753 2.4057
108500 0.0542253 2.40738
108600 0.0542753 2.27259
108700 0.0543253 2.27257
108800 0.0543752 2.21404
108900 0.0544253 2.31738
109000 0.0544753 2.37982
109100 0.0545253 2.43967
109200 0.0545753 2.38381
109300 0.0546253 2.40728
109400 0.0546753 2.28666
109500 0.0547253 2.29523
109600 0.0547753 2.29905
109700 0.0548253 2.39091
109800 0.0548753 2.45365
109900 0.0549253 2.40821
110000 0.0549753 2.39644
110100 0.0550253 2.25437
110200 0.0550753 2.29638
110300 0.0551253 2.37695
110400 0.0551753 2.3378
110500 0.0552252 2.41207
110600 0.0552753 2.3652
110700 0.0553253 2.38221
110800 0.0553752 2.33163
110900 0.0554253 2.27365
111000 0.0554753 2.31071
111100 0.0555253 2.39577
111200 0.0555753 2.46585
111300 0.0556252 2.45214
111400 0.0556753 2.42713
111500 0.0557252 2.29182
111600 0.0557753 2.35732
111700 0.0558253 2.35652
111800 0.0558753 2.44937
111900 0.0559253 2.46705
112000 0.0559752 2.36025
112100 0.0560253 2.35345
112200 0.0560753 2.30969
112300 0.0561252 2.30144
112400 0.0561753 2.41802
112500 0.0562253 2.41346
112600 0.0562753 2.42844
112700 0.0563253 2.42648
112800 0.0563753 2.42124
112900 0.0564253 2.36168
113000 0.0564752 2.39015
113100 0.0565253 2.42292
113200 0.0565753 2.44544
113300 0.0566253 2.33915
113400 0.0566753 2.38171
113500 0.0567252 2.36332
113600 0.0567753 2.38604
113700 0.0568253 2.47012
113800 0.0568753 2.4373
113900 0.0569253 2.47761
114000 0.0569752 2.40793
114100 0.0570253 2.39873
114200 0.0570753 2.38257
114300 0.0571253 2.44724
114400 0.0571753 2.44114
114500 0.0572252 2.48016
114600 0.0572753 2.40688
114700 0.0573253 2.44348
114800 0.0573753 2.43746
114900 0.0574253 2.41716
115000 0.0574752 2.43279
115100 0.0575253 2.30506
115200 0.0575753 2.35773
115300 0.0576253 2.45172
115400 0.0576753 2.4422
115500 0.0577252 2.53043
115600 0.0577753 2.39095
115700 0.0578253 2.38609
115800 0.0578753 2.42781
115900 0.0579253 2.39867
116000 0.0579752 2.47458
116100 0.0580253 2.42074
116200 0.0580752 2.41602
116300 0.0581253 2.44512
116400 0.0581753 2.43644
116500 0.0582252 2.44503
116600 0.0582753 2.5219
116700 0.0583253 2.47508
116800 0.0583753 2.45294
116900 0.0584253 2.49564
117000 0.0584753 2.43718
117100 0.0585253 2.42932
117200 0.0585752 2.47439
117300 0.0586253 2.45231
117400 0.0586753 2.50524
117500 0.0587252 2.49271
117600 0.0587753 2.43616
117700 0.0588252 2.48057
117800 0.0588753 2.4429
117900 0.0589253 2.45013
118000 0.0589753 2.44192
118100 0.0590253 2.52496
118200 0.0590752 2.53471
118300 0.0591253 2.4713
118400 0.0591753 2.40258
118500 0.0592253 2.46468
118600 0.0592753 2.51736
118700 0.0593252 2.54656
118800 0.0593753 2.58539
118900 0.0594253 2.59709
119000 0.0594753 2.43621
119100 0.0595253 2.43959
119200 0.0595752 2.415
119300 0.0596253 2.54556
119400 0.0596753 2.60396
119500 0.0597253 2.5452
119600 0.0597753 2.52675
119700 0.0598252 2.54747
119800 0.0598753 2.50722
119900 0.0599253 2.5198
120000 0.0599753 2.54509
120100 0.0600253 2.5405
120200 0.0600753 2.60188
120300 0.0601253 2.5782
120400 0.0601753 2.53808
120500 0.0602253 2.48766
120600 0.0602753 2.55227
120700 0.0603252 2.5487
120800 0.0603753 2.63878
120900 0.0604252 2.5887
121000 0.0604753 2.49276
121100 0.0605253 2.55963
121200 0.0605753 2.54675
121300 0.0606253 2.5846
121400 0.0606753 2.49152
121500 0.0607253 2.5441
121600 0.0607753 2.67589
121700 0.0608252 2.58272
121800 0.0608753 2.50373
121900 0.0609253 2.52346
122000 0.0609753 2.49788
122100 0.0610253 2.56153
122200 0.0610752 2.60205
122300 0.0611253 2.56688
122400 0.0611753 2.63986
122500 0.0612253 2.54223
122600 0.0612753 2.54491
122700 0.0613253 2.56884
122800 0.0613753 2.62911
122900 0.0614253 2.57263
123000 0.0614753 2.643
123100 0.0615253 2.54201
123200 0.0615753 2.5938
123300 0.0616253 2.61359
123400 0.0616753 2.55624
123500 0.0617253 2.56918
123600 0.0617753 2.58115
123700 0.0618253 2.62539
123800 0.0618753 2.62398
123900 0.0619253 2.5791
124000 0.0619753 2.54969
124100 0.0620253 2.59763
124200 0.0620753 2.63066
124300 0.0621253 2.63938
124400 0.0621752 2.57794
124500 0.0622253 2.62658
124600 0.0622753 2.6589
124700 0.0623253 2.65173
124800 0.0623753 2.521
124900 0.0624252 2.59245
125000 0.0624753 2.60672
125100 0.0625253 2.63919
125200 0.0625753 2.73483
125300 0.0626253 2.6362
125400 0.0626752 2.60842
125500 0.0627253 2.55146
125600 0.0627753 2.56864
125700 0.0628253 2.628
125800 0.0628753 2.6514
125900 0.0629253 2.74733
126000 0.0629753 2.74202
126100 0.0630253 2.59008
126200 0.0630753 2.55358
126300 0.0631253 2.58897
126400 0.0631753 2.64194
126500 0.0632253 2.70206
126600 0.0632753 2.62505
126700 0.0633253 2.65119
126800 0.0633753 2.55256
126900 0.0634253 2.58687
127000 0.0634753 2.60515
127100 0.0635253 2.65735
127200 0.0635753 2.69058
127300 0.0636253 2.66423
127400 0.0636753 2.55885
127500 0.0637253 2.62829
127600 0.0637752 2.62868
127700 0.0638253 2.70046
127800 0.0638753 2.73035
127900 0.0639253 2.70518
128000 0.0639753 2.62875
128100 0.0640252 2.61639
128200 0.0640753 2.55153
128300 0.0641253 2.59364
128400 0.0641753 2.62282
128500 0.0642253 2.64763
128600 0.0642752 2.66822
128700 0.0643253 2.62162
128800 0.0643753 2.57603
128900 0.0644253 2.6399
129000 0.0644753 2.64091
129100 0.0645252 2.6891
129200 0.0645753 2.68506
129300 0.0646253 2.59946
129400 0.0646753 2.67344
129500 0.0647253 2.59571
129600 0.0647753 2.59678
129700 0.0648253 2.61776
129800 0.0648753 2.68821
129900 0.0649253 2.59922
130000 0.0649753 2.66756
130100 0.0650253 2.58287
130200 0.0650753 2.65859
130300 0.0651253 2.67807
130400 0.0651753 2.6775
130500 0.0652253 2.63411
130600 0.0652753 2.64612
130700 0.0653253 2.60889
130800 0.0653753 2.64529
130900 0.0654253 2.6686
131000 0.0654753 2.75021
131100 0.0655253 2.65321
131200 0.0655753 2.68838
131300 0.0656252 2.61992
131400 0.0656753 2.6797
131500 0.0657253 2.67738
131600 0.0657753 2.61034
131700 0.0658253 2.68635
131800 0.0658753 2.57362
131900 0.0659253 2.66833
132000 0.0659753 2.72969
132100 0.0660252 2.69986
132200 0.0660753 2.7633
132300 0.0661253 2.63076
132400 0.0661753 2.61854
132500 0.0662253 2.67203
132600 0.0662753 2.67913
132700 0.0663253 2.71232
132800 0.0663752 2.76174
132900 0.0664253 2.69942
133000 0.0664753 2.65131
133100 0.0665253 2.65625
133200 0.0665753 2.69521
133300 0.0666253 2.71291
133400 0.0666753 2.69785
133500 0.0667253 2.69146
133600 0.0667753 2.69891
133700 0.0668253 2.62486
133800 0.0668753 2.6516
133900 0.0669253 2.74249
134000 0.0669753 2.71642
134100 0.0670253 2.79459
134200 0.0670753 2.74991
134300 0.0671252 2.73556
134400 0.0671753 2.70315
134500 0.0672253 2.75726
134600 0.0672753 2.71978
134700 0.0673253 2.73492
134800 0.0673753 2.75665
134900 0.0674253 2.68967
135000 0.0674753 2.73424
135100 0.0675253 2.67543
135200 0.0675753 2.80024
135300 0.0676253 2.77211
135400 0.0676753 2.73184
135500 0.0677253 2.70678
135600 0.0677753 2.71969
135700 0.0678253 2.74975
135800 0.0678753 2.80813
135900 0.0679253 2.78737
136000 0.0679753 2.788
136100 0.0680253 2.70417
136200 0.0680753 2.72483
136300 0.0681253 2.76145
136400 0.0681753 2.81827
136500 0.0682253 2.75097
136600 0.0682753 2.76056
136700 0.0683253 2.7301
136800 0.0683753 2.7297
136900 0.0684253 2.84077
137000 0.0684753 2.80262
137100 0.0685253 2.84543
137200 0.0685753 2.8532
137300 0.0686253 2.75797
137400 0.0686753 2.80472
137500 0.0687253 2.74559
137600 0.0687753 2.8142
137700 0.0688253 2.80087
137800 0.0688753 2.86719
137900 0.0689253 2.82264
138000 0.0689753 2.86761
138100 0.0690253 2.8787
138200 0.0690753 2.82079
138300 0.0691253 2.67841
138400 0.0691753 2.70889
138500 0.0692253 2.74347
138600 0.0692753 2.81565
138700 0.0693253 2.87582
138800 0.0693753 2.92752
138900 0.0694253 2.78749
139000 0.0694753 2.70841
139100 0.0695253 2.73163
139200 0.0695753 2.7546
139300 0.0696253 2.83245
139400 0.0696753 2.91907
139500 0.0697253 2.82445
139600 0.0697753 2.78906
139700 0.0698253 2.68185
139800 0.0698753 2.68055
139900 0.0699253 2.69218
140000 0.0699753 2.84084
140100 0.0700253 2.86127
140200 0.0700753 2.85336
140300 0.0701253 2.75296
140400 0.0701753 2.7038
140500 0.0702253 2.85307
140600 0.0702753 2.89493
140700 0.0703253 2.87371
140800 0.0703753 2.82317
140900 0.0704253 2.79155
141000 0.0704753 2.76818
141100 0.0705253 2.76238
141200 0.0705753 2.84215
141300 0.0706253 2.76265
141400 0.0706753 2.86376
141500 0.0707253 2.77294
141600 0.0707753 2.79872
141700 0.0708253 2.74119
141800 0.0708753 2.82264
141900 0.0709253 2.83503
142000 0.0709753 2.79818
142100 0.0710253 2.77141
142200 0.0710752 2.82115
142300 0.0711253 2.86157
142400 0.0711753 2.8219
142500 0.0712253 2.92325
142600 0.0712753 2.89883
142700 0.0713253 2.86918
142800 0.0713753 2.74351
142900 0.0714253 2.81999
143000 0.0714753 2.80051
143100 0.0715253 2.86212
143200 0.0715753 2.88147
143300 0.0716253 2.81875
143400 0.0716753 2.87286
143500 0.0717253 2.83081
143600 0.0717753 2.78812
143700 0.0718253 2.89128
143800 0.0718753 2.88902
143900 0.0719253 2.95223
144000 0.0719753 2.93863
144100 0.0720253 2.84112
144200 0.0720753 2.84413
144300 0.0721253 2.86959
144400 0.0721753 2.93591
144500 0.0722253 2.92418
144600 0.0722753 2.80035
144700 0.0723253 2.78205
144800 0.0723753 2.82445
144900 0.0724252 2.90792
145000 0.0724753 2.92985
145100 0.0725253 2.91287
145200 0.0725753 2.88824
145300 0.0726253 2.81683
145400 0.0726753 2.85037
145500 0.0727253 2.89309
145600 0.0727753 2.9371
145700 0.0728253 2.95514
145800 0.0728753 2.96359
145900 0.0729253 2.84735
146000 0.0729753 2.80547
146100 0.0730253 2.86732
146200 0.0730753 2.90944
146300 0.0731253 3.01018
146400 0.0731753 2.98848
146500 0.0732253 2.92869
146600 0.0732753 2.8395
146700 0.0733253 2.74584
146800 0.0733753 2.9221
146900 0.0734253 2.90789
147000 0.0734753 3.03859
147100 0.0735253 2.98432
147200 0.0735753 2.94248
147300 0.0736253 2.9115
147400 0.0736753 2.86026
147500 0.0737253 2.8975
147600 0.0737753 2.90379
147700 0.0738253 2.97297
147800 0.0738753 2.97066
147900 0.0739253 2.96959
148000 0.0739753 2.93589
148100 0.0740253 2.8816
148200 0.0740753 2.90006
148300 0.0741253 2.95824
148400 0.0741753 2.95245
148500 0.0742253 2.96923
148600 0.0742753 2.99836
148700 0.0743253 2.98709
148800 0.0743753 2.92717
148900 0.0744253 2.93529
149000 0.0744753 2.99153
149100 0.0745253 2.97779
149200 0.0745753 2.93292
149300 0.0746253 2.871
149400 0.0746753 2.89039
149500 0.0747253 2.99219
149600 0.0747753 3.01818
149700 0.0748253 2.99736
149800 0.0748753 2.95612
149900 0.0749253 2.88818
150000 0.0749753 2.8915
150100 0.0750253 2.95958
150200 0.0750753 3.03739
150300 0.0751253 3.0125
150400 0.0751753 2.91387
150500 0.0752253 2.95225
150600 0.0752753 2.99003
150700 0.0753253 3.03419
150800 0.0753753 3.03845
150900 0.0754253 2.93579
151000 0.0754753 2.89011
151100 0.0755253 2.89195
151200 0.0755753 2.94068
151300 0.0756253 2.94813
151400 0.0756753 3.09511
151500 0.0757253 3.05583
151600 0.0757753 2.99622
151700 0.0758253 2.97201
151800 0.0758753 2.93536
151900 0.0759253 2.94442
152000 0.0759753 3.02968
152100 0.0760253 2.94272
152200 0.0760753 2.99233
152300 0.0761253 3.06173
152400 0.0761752 3.01011
152500 0.0762253 2.96129
152600 0.0762753 2.91396
152700 0.0763253 2.98307
152800 0.0763753 2.9406
152900 0.0764253 3.01489
153000 0.0764753 3.01402
153100 0.0765253 2.99625
153200 0.0765753 2.99003
153300 0.0766253 2.99904
153400 0.0766753 2.95217
153500 0.0767253 3.02132
153600 0.0767753 2.95955
153700 0.0768253 2.95616
153800 0.0768753 3.03665
153900 0.0769253 2.97125
154000 0.0769753 2.9749
154100 0.0770253 3.0354
154200 0.0770753 3.01109
154300 0.0771253 3.04754
154400 0.0771753 2.96441
154500 0.0772253 2.93885
154600 0.0772753 2.96321
154700 0.0773253 3.02998
154800 0.0773753 3.06229
154900 0.0774253 2.96379
155000 0.0774753 2.99909
155100 0.0775253 2.97782
155200 0.0775753 2.98874
155300 0.0776253 2.96694
155400 0.0776753 2.96192
155500 0.0777253 2.97871
155600 0.0777753 3.06044
155700 0.0778253 3.00158
155800 0.0778753 3.02265
155900 0.0779253 2.9085
156000 0.0779753 2.92463
156100 0.0780253 3.01436
156200 0.0780753 3.03143
156300 0.0781253 3.18153
156400 0.0781753 2.97722
156500 0.0782253 2.9809
156600 0.0782753 2.99714
156700 0.0783253 2.96935
156800 0.0783753 3.00803
156900 0.0784253 3.09979
157000 0.0784753 3.029
157100 0.0785253 2.99984
157200 0.0785753 3.05398
157300 0.0786253 2.9218
157400 0.0786753 3.0347
157500 0.0787253 3.07471
157600 0.0787753 3.08303
157700 0.0788253 3.08444
157800 0.0788753 2.99179
157900 0.0789253 2.99888
158000 0.0789753 3.04101
158100 0.0790253 3.0135
158200 0.0790753 3.11143
158300 0.0791253 3.07291
158400 0.0791753 3.01526
158500 0.0792253 3.06244
158600 0.0792753 3.04151
158700 0.0793253 2.9405
158800 0.0793753 3.08528
158900 0.0794253 3.08742
159000 0.0794753 3.12258
159100 0.0795253 3.06194
159200 0.0795753 3.0616
159300 0.0796253 3.08491
159400 0.0796753 3.0237
159500 0.0797253 3.05988
159600 0.0797753 3.08052
159700 0.0798253 3.05942
159800 0.0798753 3.1191
159900 0.0799253 3.02039
160000 0.0799753 2.99085
160100 0.0800253 3.06232
160200 0.0800753 3.06827
160300 0.0801253 3.16536
160400 0.0801753 3.04365
160500 0.0802253 3.14887
160600 0.0802753 3.10998
160700 0.0803253 3.0634
160800 0.0803753 3.02103
160900 0.0804253 3.03362
161000 0.0804753 3.0761
161100 0.0805253 3.09094
161200 0.0805753 3.09947
161300 0.0806253 3.12446
161400 0.0806753 3.05413
161500 0.0807253 3.06953
161600 0.0807753 3.02439
161700 0.0808253 3.11595
161800 0.0808753 3.04902
161900 0.0809253 3.08928
162000 0.0809753 3.00798
162100 0.0810252 3.04699
162200 0.0810753 3.14202
162300 0.0811253 3.06348
162400 0.0811753 3.23843
162500 0.0812253 3.15932
162600 0.0812753 3.0508
162700 0.0813253 3.08229
162800 0.0813753 3.11534
162900 0.0814253 3.16646
163000 0.0814753 3.19327
163100 0.0815253 3.12142
163200 0.0815753 3.0799
163300 0.0816253 3.08806
163400 0.0816753 3.09096
163500 0.0817252 3.17575
163600 0.0817753 3.1327
163700 0.0818253 3.07365
163800 0.0818753 3.05222
163900 0.0819253 3.11005
164000 0.0819753 3.17775
164100 0.0820253 3.15992
164200 0.0820753 3.19921
164300 0.0821253 3.14023
164400 0.0821753 3.06669
164500 0.0822253 3.14589
164600 0.0822753 3.07828
164700 0.0823253 3.10634
164800 0.0823752 3.16067
164900 0.0824253 3.1715
165000 0.0824753 3.22472
165100 0.0825253 3.10371
165200 0.0825753 3.1059
165300 0.0826253 3.17715
165400 0.0826753 3.13084
165500 0.0827253 3.19459
165600 0.0827753 3.14607
165700 0.0828253 3.11139
165800 0.0828753 3.09859
165900 0.0829253 3.12087
166000 0.0829753 3.10208
166100 0.0830253 3.15241
166200 0.0830753 3.12241
166300 0.0831253 3.30192
166400 0.0831753 3.18902
166500 0.0832253 3.12378
166600 0.0832753 3.13098
166700 0.0833253 3.0695
166800 0.0833753 3.14167
166900 0.0834253 3.20249
167000 0.0834753 3.19995
167100 0.0835253 3.12861
167200 0.0835753 3.16745
167300 0.0836253 3.16262
167400 0.0836753 3.17717
167500 0.0837253 3.11458
167600 0.0837753 3.06893
167700 0.0838252 3.255
167800 0.0838753 3.20731
167900 0.0839253 3.18198
168000 0.0839753 3.15686
168100 0.0840253 3.18872
168200 0.0840753 3.22177
168300 0.0841253 3.27073
168400 0.0841753 3.23511
168500 0.0842253 3.228
168600 0.0842753 3.15534
168700 0.0843253 3.15838
168800 0.0843753 3.17032
168900 0.0844253 3.17384
169000 0.0844753 3.21089
169100 0.0845253 3.2012
169200 0.0845753 3.17451
169300 0.0846253 3.20536
169400 0.0846753 3.23478
169500 0.0847253 3.164
169600 0.0847753 3.16151
169700 0.0848253 3.2528
169800 0.0848753 3.24654
169900 0.0849253 3.23901
170000 0.0849753 3.24511
170100 0.0850253 3.17832
170200 0.0850753 3.16483
170300 0.0851253 3.27982
170400 0.0851753 3.30563
170500 0.0852253 3.23578
170600 0.0852753 3.18543
170700 0.0853252 3.13508
170800 0.0853753 3.15592
170900 0.0854253 3.2107
171000 0.0854753 3.22102
171100 0.0855253 3.31191
171200 0.0855753 3.22861
171300 0.0856253 3.30781
171400 0.0856753 3.272
171500 0.0857253 3.2962
171600 0.0857753 3.35388
171700 0.0858253 3.22828
171800 0.0858753 3.27549
171900 0.0859253 3.28512
172000 0.0859753 3.27256
172100 0.0860253 3.19723
172200 0.0860753 3.23976
172300 0.0861253 3.213
172400 0.0861753 3.27911
172500 0.0862253 3.25121
172600 0.0862753 3.30329
172700 0.0863253 3.27591
172800 0.0863753 3.27333
172900 0.0864253 3.29092
173000 0.0864753 3.33931
173100 0.0865253 3.20659
173200 0.0865753 3.31981
173300 0.0866253 3.28365
173400 0.0866753 3.27627
173500 0.0867253 3.32132
173600 0.0867753 3.31129
173700 0.0868253 3.32861
173800 0.0868753 3.28126
173900 0.0869253 3.29597
174000 0.0869753 3.29868
174100 0.0870253 3.31997
174200 0.0870753 3.24594
174300 0.0871253 3.2533
174400 0.0871753 3.26197
174500 0.0872253 3.29748
174600 0.0872753 3.39039
174700 0.0873253 3.42735
174800 0.0873753 3.36768
174900 0.0874253 3.23527
175000 0.0874753 3.28157
175100 0.0875253 3.33697
175200 0.0875753 3.32333
175300 0.0876253 3.32072
175400 0.0876753 3.19543
175500 0.0877253 3.25064
175600 0.0877753 3.30182
175700 0.0878253 3.36821
175800 0.0878753 3.33807
175900 0.0879253 3.33187
176000 0.0879753 3.33908
176100 0.0880253 3.26336
176200 0.0880753 3.30388
176300 0.0881253 3.33078
176400 0.0881752 3.29211
176500 0.0882253 3.24772
176600 0.0882753 3.29673
176700 0.0883253 3.37161
176800 0.0883753 3.4215
176900 0.0884252 3.29922
177000 0.0884753 3.29661
177100 0.0885253 3.30462
177200 0.0885753 3.28814
177300 0.0886253 3.25932
177400 0.0886753 3.26292
177500 0.0887253 3.40724
177600 0.0887753 3.39973
177700 0.0888253 3.40723
177800 0.0888753 3.34038
177900 0.0889253 3.25636
178000 0.0889753 3.24678
178100 0.0890253 3.33218
178200 0.0890753 3.34749
178300 0.0891253 3.46549
178400 0.0891753 3.41819
178500 0.0892253 3.31042
178600 0.0892753 3.33574
178700 0.0893253 3.22328
178800 0.0893753 3.29947
178900 0.0894253 3.28744
179000 0.0894753 3.31687
179100 0.0895253 3.3765
179200 0.0895753 3.42011
179300 0.0896253 3.43577
179400 0.0896753 3.32912
179500 0.0897253 3.28241
179600 0.0897753 3.35046
179700 0.0898253 3.37639
179800 0.0898753 3.40198
179900 0.0899253 3.30848
180000 0.0899753 3.36232
180100 0.0900253 3.31555
180200 0.0900753 3.3328
180300 0.0901253 3.40593
180400 0.0901753 3.41214
180500 0.0902253 3.33012
180600 0.0902753 3.4138
180700 0.0903253 3.33127
180800 0.0903753 3.38995
180900 0.0904253 3.38983
181000 0.0904753 3.40815
181100 0.0905253 3.44614
181200 0.0905753 3.35332
181300 0.0906253 3.37908
181400 0.0906753 3.35909
181500 0.0907253 3.38137
181600 0.0907753 3.36738
181700 0.0908253 3.39056
181800 0.0908753 3.4367
181900 0.0909252 3.47788
182000 0.0909753 3.34135
182100 0.0910253 3.38919
182200 0.0910753 3.53543
182300 0.0911253 3.43258
182400 0.0911753 3.43853
182500 0.0912253 3.40608
182600 0.0912753 3.4327
182700 0.0913253 3.48209
182800 0.0913753 3.55559
182900 0.0914253 3.48713
183000 0.0914753 3.45289
183100 0.0915253 3.46498
183200 0.0915753 3.34579
183300 0.0916253 3.32839
183400 0.0916753 3.44243
183500 0.0917253 3.54512
183600 0.0917753 3.48211
183700 0.0918253 3.40076
183800 0.0918753 3.32567
183900 0.0919253 3.32492
184000 0.0919753 3.38809
184100 0.0920253 3.43004
184200 0.0920753 3.41966
184300 0.0921252 3.48395
184400 0.0921753 3.42342
184500 0.0922253 3.46106
184600 0.0922753 3.46193
184700 0.0923253 3.38489
184800 0.0923753 3.4639
184900 0.0924253 3.4606
185000 0.0924753 3.54321
185100 0.0925253 3.47346
185200 0.0925753 3.41656
185300 0.0926253 3.49933
185400 0.0926753 3.48403
185500 0.0927252 3.47958
185600 0.0927753 3.49331
185700 0.0928253 3.41223
185800 0.0928753 3.49165
185900 0.0929253 3.55447
186000 0.0929753 3.51299
186100 0.0930253 3.50035
186200 0.0930753 3.4897
186300 0.0931253 3.54135
186400 0.0931753 3.52886
186500 0.0932253 3.49304
186600 0.0932753 3.44983
186700 0.0933253 3.50151
186800 0.0933753 3.50276
186900 0.0934253 3.54591
187000 0.0934753 3.45573
187100 0.0935253 3.50646
187200 0.0935753 3.45544
187300 0.0936252 3.45181
187400 0.0936753 3.59204
187500 0.0937253 3.5273
187600 0.0937753 3.56734
187700 0.0938253 3.51161
187800 0.0938753 3.49404
187900 0.0939253 3.55865
188000 0.0939753 3.53688
188100 0.0940253 3.4525
188200 0.0940753 3.55211
188300 0.0941253 3.51151
188400 0.0941753 3.45462
188500 0.0942253 3.58547
188600 0.0942753 3.52539
188700 0.0943253 3.61497
188800 0.0943753 3.50383
188900 0.0944253 3.51352
189000 0.0944753 3.45295
189100 0.0945253 3.45212
189200 0.0945753 3.5319
189300 0.0946253 3.64981
189400 0.0946753 3.58995
189500 0.0947253 3.59087
189600 0.0947753 3.61247
189700 0.0948253 3.48237
189800 0.0948753 3.4693
189900 0.0949253 3.59194
190000 0.0949753 3.50048
190100 0.0950253 3.6488
190200 0.0950753 3.64481
190300 0.0951253 3.5854
190400 0.0951753 3.56764
190500 0.0952253 3.40385
190600 0.0952753 3.53538
190700 0.0953253 3.59241
190800 0.0953753 3.55706
190900 0.0954253 3.71862
191000 0.0954753 3.59223
191100 0.0955253 3.50475
191200 0.0955753 3.50225
191300 0.0956253 3.48564
191400 0.0956753 3.58917
191500 0.0957252 3.62724
191600 0.0957753 3.7052
191700 0.0958253 3.6282
191800 0.0958753 3.59305
191900 0.0959253 3.44885
192000 0.0959753 3.51679
192100 0.0960253 3.54332
192200 0.0960753 3.59238
192300 0.0961253 3.68162
192400 0.0961753 3.63962
192500 0.0962253 3.61909
192600 0.0962753 3.57583
192700 0.0963253 3.60615
192800 0.0963753 3.62796
192900 0.0964253 3.67158
193000 0.0964753 3.6412
193100 0.0965253 3.58275
193200 0.0965753 3.57595
193300 0.0966253 3.53793
193400 0.0966753 3.49302
193500 0.0967253 3.6007
193600 0.0967753 3.60795
193700 0.0968253 3.65278
193800 0.0968753 3.64511
193900 0.0969253 3.54703
194000 0.0969753 3.47402
194100 0.0970253 3.51214
194200 0.0970753 3.51529
194300 0.0971253 3.64709
194400 0.0971753 3.6716
194500 0.0972253 3.62893
194600 0.0972753 3.55636
194700 0.0973253 3.53196
194800 0.0973753 3.6081
194900 0.0974253 3.69393
195000 0.0974753 3.60237
195100 0.0975253 3.647
195200 0.0975753 3.71762
195300 0.0976253 3.54931
195400 0.0976753 3.51355
195500 0.0977253 3.55862
195600 0.0977753 3.65312
195700 0.0978253 3.655
195800 0.0978753 3.64417
195900 0.0979253 3.68518
196000 0.0979753 3.68233
196100 0.0980253 3.6533
196200 0.0980753 3.56751
196300 0.0981253 3.56753
196400 0.0981753 3.60636
196500 0.0982253 3.62602
196600 0.0982753 3.7338
196700 0.0983253 3.7667
196800 0.0983753 3.68847
196900 0.0984253 3.60931
197000 0.0984753 3.55148
197100 0.0985253 3.60079
197200 0.0985753 3.6342
197300 0.0986253 3.70332
197400 0.0986753 3.73358
197500 0.0987253 3.59265
197600 0.0987753 3.55377
197700 0.0988253 3.54365
197800 0.0988753 3.69619
197900 0.0989253 3.67447
198000 0.0989753 3.73238
198100 0.0990253 3.67783
198200 0.0990753 3.67217
198300 0.0991253 3.6377
198400 0.0991753 3.62887
198500 0.0992253 3.56899
198600 0.0992753 3.70706
198700 0.0993253 3.69867
198800 0.0993753 3.52354
198900 0.0994253 3.65318
199000 0.0994753 3.58466
199100 0.0995253 3.65811
199200 0.0995753 3.60765
199300 0.0996253 3.65115
199400 0.0996753 3.67956
199500 0.0997253 3.67159
199600 0.0997753 3.61845
199700 0.0998253 3.68089
199800 0.0998753 3.62643
199900 0.0999252 3.65514
200000 0.0999753 3.70135
200100 0.100025 3.63678
200200 0.100075 3.58401
200300 0.100125 3.63117
200400 0.100175 3.66353
200500 0.100225 3.72102
200600 0.100275 3.67624
200700 0.100325 3.73442
200800 0.100375 3.64124
200900 0.100425 3.56228
201000 0.100475 3.62416
201100 0.100525 3.64101
201200 0.100575 3.78343
201300 0.100625 3.72787
201400 0.100675 3.55397
201500 0.100725 3.62135
201600 0.100775 3.64954
201700 0.100825 3.62937
201800 0.100875 3.66202
201900 0.100925 3.7071
202000 0.100975 3.7389
202100 0.101025 3.74805
202200 0.101075 3.60413
202300 0.101125 3.60435
202400 0.101175 3.61347
202500 0.101225 3.72869
202600 0.101275 3.69234
202700 0.101325 3.69302
202800 0.101375 3.67842
202900 0.101425 3.62678
203000 0.101475 3.64543
203100 0.101525 3.70698
203200 0.101575 3.74252
203300 0.101625 3.80562
203400 0.101675 3.77787
203500 0.101725 3.69866
203600 0.101775 3.7239
203700 0.101825 3.69311
203800 0.101875 3.77505
203900 0.101925 3.7745
204000 0.101975 3.79122
204100 0.102025 3.72587
204200 0.102075 3.71502
204300 0.102125 3.6865
204400 0.102175 3.66216
204500 0.102225 3.67042
204600 0.102275 3.73446
204700 0.102325 3.73421
204800 0.102375 3.71244
204900 0.102425 3.68766
205000 0.102475 3.69225
205100 0.102525 3.68655
205200 0.102575 3.78581
205300 0.102625 3.75842
205400 0.102675 3.71261
205500 0.102725 3.7671
205600 0.102775 3.64622
205700 0.102825 3.69058
205800 0.102875 3.76298
205900 0.102925 3.83318
206000 0.102975 3.76927
206100 0.103025 3.69903
206200 0.103075 3.6753
206300 0.103125 3.7565
206400 0.103175 3.77741
206500 0.103225 3.72952
206600 0.103275 3.72918
206700 0.103325 3.67412
206800 0.103375 3.74846
206900 0.103425 3.74144
207000 0.103475 3.77803
207100 0.103525 3.76534
207200 0.103575 3.7174
207300 0.103625 3.70629
207400 0.103675 3.73064
207500 0.103725 3.76634
207600 0.103775 3.754
207700 0.103825 3.73756
207800 0.103875 3.67876
207900 0.103925 3.76052
208000 0.103975 3.72607
208100 0.104025 3.74061
208200 0.104075 3.8144
208300 0.104125 3.76514
208400 0.104175 3.74272
208500 0.104225 3.70439
208600 0.104275 3.72895
208700 0.104325 3.79048
208800 0.104375 3.8202
208900 0.104425 3.73667
209000 0.104475 3.70799
209100 0.104525 3.68443
209200 0.104575 3.69857
209300 0.104625 3.7179
209400 0.104675 3.75889
209500 0.104725 3.80936
209600 0.104775 3.84706
209700 0.104825 3.75766
209800 0.104875 3.7021
209900 0.104925 3.82558
210000 0.104975 3.6861
210100 0.105025 3.78157
210200 0.105075 3.74763
210300 0.105125 3.76678
210400 0.105175 3.79256
210500 0.105225 3.7534
210600 0.105275 3.76298
210700 0.105325 3.74865
210800 0.105375 3.81893
210900 0.105425 3.84538
211000 0.105475 3.80063
211100 0.105525 3.78172
211200 0.105575 3.67813
211300 0.105625 3.68113
211400 0.105675 3.70169
211500 0.105725 3.81697
211600 0.105775 3.79285
211700 0.105825 3.74814
211800 0.105875 3.74561
211900 0.105925 3.822
212000 0.105975 3.79528
212100 0.106025 3.82378
212200 0.106075 3.77219
212300 0.106125 3.84713
212400 0.106175 3.78141
212500 0.106225 3.75981
212600 0.106275 3.77081
212700 0.106325 3.74365
212800 0.106375 3.78983
212900 0.106425 3.96124
213000 0.106475 3.9187
213100 0.106525 3.76755
213200 0.106575 3.79597
213300 0.106625 3.7548
213400 0.106675 3.77528
213500 0.106725 3.77891
213600 0.106775 3.9364
213700 0.106825 3.8882
213800 0.106875 3.74277
213900 0.106925 3.80531
214000 0.106975 3.82325
214100 0.107025 3.80944
214200 0.107075 3.89514
214300 0.107125 3.92761
214400 0.107175 3.8021
214500 0.107225 3.7161
214600 0.107275 3.70876
214700 0.107325 3.73367
214800 0.107375 3.7166
214900 0.107425 3.93817
215000 0.107475 3.94729
215100 0.107525 3.89518
215200 0.107575 3.79551
215300 0.107625 3.78385
215400 0.107675 3.88674
215500 0.107725 3.8494
215600 0.107775 3.83512
215700 0.107825 3.88341
215800 0.107875 3.93058
215900 0.107925 3.86381
216000 0.107975 3.81908
216100 0.108025 3.84928
216200 0.108075 3.75864
216300 0.108125 3.75298
216400 0.108175 3.88946
216500 0.108225 3.91774
216600 0.108275 3.9147
216700 0.108325 3.84143
216800 0.108375 3.76824
216900 0.108425 3.78547
217000 0.108475 3.82236
217100 0.108525 3.89981
217200 0.108575 3.93697
217300 0.108625 3.85708
217400 0.108675 3.81285
217500 0.108725 3.83105
217600 0.108775 3.82751
217700 0.108825 3.84055
217800 0.108875 3.91482
217900 0.108925 3.91035
218000 0.108975 3.91147
218100 0.109025 3.84423
218200 0.109075 3.82055
218300 0.109125 3.83102
218400 0.109175 3.81496
218500 0.109225 3.88398
218600 0.109275 3.9393
218700 0.109325 3.94558
218800 0.109375 3.85856
218900 0.109425 3.85729
219000 0.109475 3.88416
219100 0.109525 3.84705
219200 0.109575 3.89384
219300 0.109625 3.83213
219400 0.109675 3.78603
219500 0.109725 3.86641
219600 0.109775 3.8786
219700 0.109825 3.84952
219800 0.109875 3.89662
219900 0.109925 3.93441
220000 0.109975 3.90383
220100 0.110025 3.86438
220200 0.110075 3.86583
220300 0.110125 3.80889
220400 0.110175 3.87135
220500 0.110225 3.91022
220600 0.110275 3.88642
220700 0.110325 3.89908
220800 0.110375 3.93097
220900 0.110425 3.83874
221000 0.110475 3.82981
221100 0.110525 3.76501
221200 0.110575 3.84242
221300 0.110625 3.95565
221400 0.110675 3.95277
221500 0.110725 3.8091
221600 0.110775 3.84498
221700 0.110825 3.76798
221800 0.110875 3.81085
221900 0.110925 3.89219
222000 0.110975 4.03032
222100 0.111025 3.98315
222200 0.111075 3.93895
222300 0.111125 3.79505
222400 0.111175 3.79304
222500 0.111225 3.82963
222600 0.111275 3.88148
222700 0.111325 3.90703
222800 0.111375 3.91447
222900 0.111425 3.91988
223000 0.111475 3.89038
223100 0.111525 3.90313
223200 0.111575 3.91367
223300 0.111625 3.95068
223400 0.111675 3.93693
223500 0.111725 3.80732
223600 0.111775 3.91311
223700 0.111825 3.86346
223800 0.111875 3.96797
223900 0.111925 3.91556
224000 0.111975 3.91122
224100 0.112025 3.95439
224200 0.112075 3.88602
224300 0.112125 3.96825
224400 0.112175 4.00912
224500 0.112225 3.93136
224600 0.112275 3.84546
224700 0.112325 3.87499
224800 0.112375 3.99648
224900 0.112425 3.94102
225000 0.112475 3.98721
225100 0.112525 4.02156
225200 0.112575 4.01678
225300 0.112625 3.90347
225400 0.112675 3.84441
225500 0.112725 3.77379
225600 0.112775 3.86642
225700 0.112825 3.96574
225800 0.112875 4.05994
225900 0.112925 3.97189
226000 0.112975 3.89327
226100 0.113025 3.81168
226200 0.113075 3.87256
226300 0.113125 3.85818
226400 0.113175 3.97686
226500 0.113225 4.04482
226600 0.113275 3.99648
226700 0.113325 3.94402
226800 0.113375 3.82786
226900 0.113425 3.8607
227000 0.113475 3.82769
227100 0.113525 3.93679
227200 0.113575 3.95549
227300 0.113625 4.01592
227400 0.113675 4.00494
227500 0.113725 3.97645
227600 0.113775 3.8254
227700 0.113825 3.81967
227800 0.113875 3.89287
227900 0.113925 3.93245
228000 0.113975 4.02779
228100 0.114025 3.98268
228200 0.114075 3.96567
228300 0.114125 3.97524
228400 0.114175 3.92114
228500 0.114225 3.91101
228600 0.114275 3.93436
228700 0.114325 3.94836
228800 0.114375 3.9965
228900 0.114425 3.99055
229000 0.114475 3.93684
229100 0.114525 3.9397
229200 0.114575 3.91574
229300 0.114625 3.93022
229400 0.114675 4.06105
229500 0.114725 3.96715
229600 0.114775 3.88536
229700 0.114825 3.90082
229800 0.114875 3.82489
229900 0.114925 3.98446
230000 0.114975 4.00671
230100 0.115025 3.903
230200 0.115075 3.93487
230300 0.115125 3.84736
230400 0.115175 3.90588
230500 0.115225 3.94082
230600 0.115275 3.9246
230700 0.115325 3.94852
230800 0.115375 4.03085
230900 0.115425 4.00442
231000 0.115475 3.96073
231100 0.115525 3.98059
231200 0.115575 3.92199
231300 0.115625 3.91243
231400 0.115675 3.87857
231500 0.115725 3.9892
231600 0.115775 4.00011
231700 0.115825 4.01812
231800 0.115875 4.03458
231900 0.115925 4.01556
232000 0.115975 3.98016
232100 0.116025 3.82803
232200 0.116075 3.87062
232300 0.116125 3.91122
232400 0.116175 3.97917
232500 0.116225 4.00983
232600 0.116275 4.04227
232700 0.116325 3.95622
232800 0.116375 3.92998
232900 0.116425 3.98112
233000 0.116475 4.02348
233100 0.116525 4.10301
233200 0.116575 3.98931
233300 0.116625 3.98492
233400 0.116675 3.98412
233500 0.116725 3.97129
233600 0.116775 4.05371
233700 0.116825 4.0058
233800 0.116875 3.97362
233900 0.116925 3.91275
234000 0.116975 3.89553
234100 0.117025 3.95917
234200 0.117075 4.12425
234300 0.117125 3.98147
234400 0.117175 4.07949
234500 0.117225 3.91447
234600 0.117275 3.98024
234700 0.117325 3.997
234800 0.117375 3.95624
234900 0.117425 4.10622
235000 0.117475 3.95268
235100 0.117525 4.0312
235200 0.117575 3.99653
235300 0.117625 4.03616
235400 0.117675 3.90957
235500 0.117725 3.96704
235600 0.117775 4.04794
235700 0.117825 4.02565
235800 0.117875 4.09455
235900 0.117925 4.0463
236000 0.117975 4.04503
236100 0.118025 3.9879
236200 0.118075 4.09684
236300 0.118125 4.1092
236400 0.118175 4.10314
236500 0.118225 4.08969
236600 0.118275 4.02843
236700 0.118325 3.97403
236800 0.118375 4.10396
236900 0.118425 4.02419
237000 0.118475 4.08183
237100 0.118525 4.04941
237200 0.118575 4.09099
237300 0.118625 3.9699
237400 0.118675 4.06696
237500 0.118725 4.11174
237600 0.118775 4.08121
237700 0.118825 3.97167
237800 0.118875 4.05461
237900 0.118925 4.02697
238000 0.118975 4.19783
238100 0.119025 4.06654
238200 0.119075 4.04359
238300 0.119125 4.11251
238400 0.119175 4.06547
238500 0.119225 4.06001
238600 0.119275 4.0699
238700 0.119325 4.08391
238800 0.119375 4.12561
238900 0.119425 4.08233
239000 0.119475 4.02522
239100 0.119525 4.02467
239200 0.119575 4.05932
239300 0.119625 4.13946
239400 0.119675 4.13967
239500 0.119725 4.11688
239600 0.119775 4.076
239700 0.119825 4.02005
239800 0.119875 4.02812
239900 0.119925 4.09665
240000 0.119975 4.14469
240100 0.120025 4.19272
240200 0.120075 4.17578
240300 0.120125 4.10994
240400 0.120175 4.06856
240500 0.120225 4.01945
240600 0.120275 3.98266
240700 0.120325 4.11677
240800 0.120375 4.15983
240900 0.120425 4.13671
241000 0.120475 4.06251
241100 0.120525 4.00418
241200 0.120575 4.0198
241300 0.120625 4.16595
241400 0.120675 4.17922
241500 0.120725 4.18169
241600 0.120775 4.13921
241700 0.120825 4.14588
241800 0.120875 4.11963
241900 0.120925 4.0707
242000 0.120975 4.02222
242100 0.121025 4.05501
242200 0.121075 4.09744
242300 0.121125 4.11175
242400 0.121175 4.2024
242500 0.121225 4.16269
242600 0.121275 4.13436
242700 0.121325 4.08572
242800 0.121375 4.09414
242900 0.121425 4.09596
243000 0.121475 4.06621
243100 0.121525 4.20146
243200 0.121575 4.17701
243300 0.121625 4.11383
243400 0.121675 4.18236
243500 0.121725 4.15761
243600 0.121775 4.14348
243700 0.121825 4.15538
243800 0.121875 4.08159
243900 0.121925 4.12283
244000 0.121975 4.15117
244100 0.122025 4.11141
244200 0.122075 4.14447
244300 0.122125 4.12099
244400 0.122175 4.09201
244500 0.122225 4.16226
244600 0.122275 4.16211
244700 0.122325 4.01958
244800 0.122375 4.10076
244900 0.122425 4.07592
245000 0.122475 4.25069
245100 0.122525 4.31338
245200 0.122575 4.11711
245300 0.122625 4.03742
245400 0.122675 4.02955
245500 0.122725 4.15618
245600 0.122775 4.23154
245700 0.122825 4.2922
245800 0.122875 4.20074
245900 0.122925 4.16512
246000 0.122975 4.02902
246100 0.123025 4.06225
246200 0.123075 4.14321
246300 0.123125 4.26138
246400 0.123175 4.28877
246500 0.123225 4.19149
246600 0.123275 4.17005
246700 0.123325 4.05295
246800 0.123375 4.16951
246900 0.123425 4.11322
247000 0.123475 4.32062
247100 0.123525 4.31951
247200 0.123575 4.30134
247300 0.123625 4.0982
247400 0.123675 4.09084
247500 0.123725 4.11155
247600 0.123775 4.12706
247700 0.123825 4.22959
247800 0.123875 4.27338
247900 0.123925 4.24775
248000 0.123975 4.11924
248100 0.124025 4.27536
248200 0.124075 4.2059
248300 0.124125 4.21356
248400 0.124175 4.23598
248500 0.124225 4.22046
248600 0.124275 4.2293
248700 0.124325 4.30428
248800 0.124375 4.25611
248900 0.124425 4.24119
249000 0.124475 4.26892
249100 0.124525 4.16448
249200 0.124575 4.18586
249300 0.124625 4.24319
249400 0.124675 4.16696
249500 0.124725 4.2501
249600 0.124775 4.19988
249700 0.124825 4.29487
249800 0.124875 4.23324
249900 0.124925 4.19188
250000 0.124975 4.17567
250100 0.125025 4.21359
250200 0.125075 4.23136
250300 0.125125 4.20432
250400 0.125175 4.1962
250500 0.125225 4.22279
250600 0.125275 4.2524
250700 0.125325 4.22372
250800 0.125375 4.249
250900 0.125425 4.18696
251000 0.125475 4.27345
251100 0.125525 4.20189
251200 0.125575 4.17748
251300 0.125625 4.18331
251400 0.125675 4.15513
251500 0.125725 4.26098
251600 0.125775 4.19714
251700 0.125825 4.19147
251800 0.125875 4.30519
251900 0.125925 4.2237
252000 0.125975 4.23058
252100 0.126025 4.19797
252200 0.126075 4.17292
252300 0.126125 4.21046
252400 0.126175 4.18615
252500 0.126225 4.16972
252600 0.126275 4.25559
252700 0.126325 4.19166
252800 0.126375 4.14535
252900 0.126425 4.07056
253000 0.126475 4.07065
253100 0.126525 4.14634
253200 0.126575 4.09435
253300 0.126625 4.13494
253400 0.126675 4.18354
253500 0.126725 4.163
253600 0.126775 4.15954
253700 0.126825 4.15053
253800 0.126875 4.09218
253900 0.126925 4.14308
254000 0.126975 4.2006
254100 0.127025 4.12739
254200 0.127075 4.19999
254300 0.127125 4.22992
254400 0.127175 4.0767
254500 0.127225 4.04652
254600 0.127275 4.09903
254700 0.127325 4.07958
254800 0.127375 4.16942
254900 0.127425 4.15507
255000 0.127475 4.07884
255100 0.127525 4.06044
255200 0.127575 4.12583
255300 0.127625 4.17161
255400 0.127675 4.13583
255500 0.127725 4.1079
255600 0.127775 4.21543
255700 0.127825 4.19971
255800 0.127875 4.14221
255900 0.127925 4.0448
256000 0.127975 4.0689
256100 0.128025 4.17937
256200 0.128075 4.21364
256300 0.128125 4.2519
256400 0.128175 4.13274
256500 0.128225 4.13944
256600 0.128275 4.18885
256700 0.128325 4.08744
256800 0.128375 4.13568
256900 0.128425 4.18609
257000 0.128475 4.05999
257100 0.128525 4.0914
257200 0.128575 4.13985
257300 0.128625 4.13315
257400 0.128675 4.23072
257500 0.128725 4.08721
257600 0.128775 4.09966
257700 0.128825 4.10288
257800 0.128875 4.0953
257900 0.128925 4.12496
258000 0.128975 4.11026
258100 0.129025 4.08828
258200 0.129075 4.10802
258300 0.129125 4.21457
258400 0.129175 4.21393
258500 0.129225 4.16082
258600 0.129275 4.08672
258700 0.129325 4.11359
258800 0.129375 4.14186
258900 0.129425 4.14946
259000 0.129475 4.24027
259100 0.129525 4.14855
259200 0.129575 4.14639
259300 0.129625 4.26729
259400 0.129675 4.17346
259500 0.129725 4.2255
259600 0.129775 4.16656
259700 0.129825 4.21386
259800 0.129875 4.11435
259900 0.129925 4.12873
260000 0.129975 4.19112
260100 0.130025 4.21055
260200 0.130075 4.28506
260300 0.130125 4.21776
260400 0.130175 4.30115
260500 0.130225 4.30882
260600 0.130275 4.2
260700 0.130325 4.08103
260800 0.130375 4.16484
260900 0.130425 4.2598
261000 0.130475 4.26883
261100 0.130525 4.2491
261200 0.130575 4.13861
261300 0.130625 4.20649
261400 0.130675 4.23354
261500 0.130725 4.22982
261600 0.130775 4.35092
261700 0.130825 4.41168
261800 0.130875 4.37406
261900 0.130925 4.29514
262000 0.130975 4.03422
262100 0.131025 4.26728
262200 0.131075 4.34875
262300 0.131125 4.49397
262400 0.131175 4.49979
262500 0.131225 4.30547
262600 0.131275 4.26267
262700 0.131325 4.30179
262800 0.131375 4.31625
262900 0.131425 4.29025
263000 0.131475 4.36396
263100 0.131525 4.30687
263200 0.131575 4.35976
263300 0.131625 4.39158
263400 0.131675 4.35814
263500 0.131725 4.32837
263600 0.131775 4.2182
263700 0.131825 4.28079
263800 0.131875 4.23675
263900 0.131925 4.30155
264000 0.131975 4.28149
264100 0.132025 4.34312
264200 0.132075 4.32345
264300 0.132125 4.18619
264400 0.132175 4.27558
264500 0.132225 4.22247
264600 0.132275 4.2378
264700 0.132325 4.2496
264800 0.132375 4.22693
264900 0.132425 4.37988
265000 0.132475 4.32118
265100 0.132525 4.19599
265200 0.132575 4.26803
265300 0.132625 4.2743
265400 0.132675 4.23785
265500 0.132725 4.30968
265600 0.132775 4.27891
265700 0.132825 4.29837
265800 0.132875 4.40052
265900 0.132925 4.31053
266000 0.132975 4.1993
266100 0.133025 4.29278
266200 0.133075 4.27817
266300 0.133125 4.43067
266400 0.133175 4.34496
266500 0.133225 4.30312
266600 0.133275 4.26339
266700 0.133325 4.23133
266800 0.133375 4.29569
266900 0.133425 4.45185
267000 0.133475 4.31756
267100 0.133525 4.33057
267200 0.133575 4.42125
267300 0.133625 4.36914
267400 0.133675 4.41595
267500 0.133725 4.29945
267600 0.133775 4.24325
267700 0.133825 4.29071
267800 0.133875 4.26122
267900 0.133925 4.36476
268000 0.133975 4.35436
268100 0.134025 4.34246
268200 0.134075 4.25237
268300 0.134125 4.20102
268400 0.134175 4.27885
268500 0.134225 4.33216
268600 0.134275 4.38561
268700 0.134325 4.38197
268800 0.134375 4.42938
268900 0.134425 4.40371
269000 0.134475 4.38588
269100 0.134525 4.28408
269200 0.134575 4.28979
269300 0.134625 4.34117
269400 0.134675 4.37809
269500 0.134725 4.46819
269600 0.134775 4.4921
269700 0.134825 4.40877
269800 0.134875 4.36722
269900 0.134925 4.29891
270000 0.134975 4.32499
270100 0.135025 4.4883
270200 0.135075 4.55646
270300 0.135125 4.4613
270400 0.135175 4.35387
270500 0.135225 4.24099
270600 0.135275 4.26471
270700 0.135325 4.51759
270800 0.135375 4.51922
270900 0.135425 4.48549
271000 0.135475 4.4213
271100 0.135525 4.38181
271200 0.135575 4.27154
271300 0.135625 4.30609
271400 0.135675 4.35194
271500 0.135725 4.40291
271600 0.135775 4.46776
271700 0.135825 4.39968
271800 0.135875 4.39727
271900 0.135925 4.34627
272000 0.135975 4.4146
272100 0.136025 4.47727
272200 0.136075 4.42751
272300 0.136125 4.40349
272400 0.136175 4.43673
272500 0.136225 4.44428
272600 0.136275 4.41046
272700 0.136325 4.36397
272800 0.136375 4.4077
272900 0.136425 4.48596
273000 0.136475 4.52745
273100 0.136525 4.43997
273200 0.136575 4.44419
273300 0.136625 4.44591
273400 0.136675 4.29408
273500 0.136725 4.45667
273600 0.136775 4.42509
273700 0.136825 4.4056
273800 0.136875 4.45557
273900 0.136925 4.46551
274000 0.136975 4.43207
274100 0.137025 4.44051
274200 0.137075 4.46517
274300 0.137125 4.4265
274400 0.137175 4.42304
274500 0.137225 4.39343
274600 0.137275 4.36748
274700 0.137325 4.33401
274800 0.137375 4.32017
274900 0.137425 4.41466
275000 0.137475 4.41197
275100 0.137525 4.55015
275200 0.137575 4.58858
275300 0.137625 4.39346
275400 0.137675 4.27205
275500 0.137725 4.22562
275600 0.137775 4.36752
275700 0.137825 4.54803
275800 0.137875 4.52342
275900 0.137925 4.50869
276000 0.137975 4.46739
276100 0.138025 4.30667
276200 0.138075 4.36167
276300 0.138125 4.36639
276400 0.138175 4.41579
276500 0.138225 4.48709
276600 0.138275 4.45279
276700 0.138325 4.46877
276800 0.138375 4.46876
276900 0.138425 4.40104
277000 0.138475 4.48845
277100 0.138525 4.5047
277200 0.138575 4.51894
277300 0.138625 4.54702
277400 0.138675 4.46404
277500 0.138725 4.4881
277600 0.138775 4.39702
277700 0.138825 4.48736
277800 0.138875 4.46186
277900 0.138925 4.43986
278000 0.138975 4.49227
278100 0.139025 4.48026
278200 0.139075 4.43021
278300 0.139125 4.43288
278400 0.139175 4.44139
278500 0.139225 4.44421
278600 0.139275 4.43287
278700 0.139325 4.39856
278800 0.139375 4.39633
278900 0.139425 4.50948
279000 0.139475 4.47199
279100 0.139525 4.45979
279200 0.139575 4.56973
279300 0.139625 4.54501
279400 0.139675 4.47686
279500 0.139725 4.4323
279600 0.139775 4.36386
279700 0.139825 4.4104
279800 0.139875 4.4015
279900 0.139925 4.4374
280000 0.139975 4.52666
280100 0.140025 4.53611
280200 0.140075 4.4929
280300 0.140125 4.47306
280400 0.140175 4.47856
280500 0.140225 4.37443
280600 0.140275 4.51775
280700 0.140325 4.49216
280800 0.140375 4.52659
280900 0.140425 4.53406
281000 0.140475 4.59347
281100 0.140525 4.47812
281200 0.140575 4.47054
281300 0.140625 4.46681
281400 0.140675 4.49431
281500 0.140725 4.49925
281600 0.140775 4.47982
281700 0.140825 4.50767
281800 0.140875 4.47373
281900 0.140925 4.51502
282000 0.140975 4.38776
282100 0.141025 4.4011
282200 0.141075 4.46305
282300 0.141125 4.45192
282400 0.141175 4.42702
282500 0.141225 4.51045
282600 0.141275 4.40497
282700 0.141325 4.56652
282800 0.141375 4.50118
282900 0.141425 4.33711
283000 0.141475 4.37667
283100 0.141525 4.4458
283200 0.141575 4.45193
283300 0.141625 4.49774
283400 0.141675 4.44949
283500 0.141725 4.44903
283600 0.141775 4.56595
283700 0.141825 4.5536
283800 0.141875 4.49194
283900 0.141925 4.51048
284000 0.141975 4.60423
284100 0.142025 4.56068
284200 0.142075 4.50406
284300 0.142125 4.36513
284400 0.142175 4.52356
284500 0.142225 4.48042
284600 0.142275 4.44606
284700 0.142325 4.49513
284800 0.142375 4.51771
284900 0.142425 4.5281
285000 0.142475 4.51124
285100 0.142525 4.43731
285200 0.142575 4.45342
285300 0.142625 4.3014
285400 0.142675 4.35622
285500 0.142725 4.45464
285600 0.142775 4.58226
285700 0.142825 4.60119
285800 0.142875 4.57927
285900 0.142925 4.57118
286000 0.142975 4.42256
286100 0.143025 4.4156
286200 0.143075 4.43385
286300 0.143125 4.43206
286400 0.143175 4.49876
286500 0.143225 4.55373
286600 0.143275 4.50328
286700 0.143325 4.56522
286800 0.143375 4.47544
286900 0.143425 4.43957
287000 0.143475 4.35269
287100 0.143525 4.47748
287200 0.143575 4.53833
287300 0.143625 4.53397
287400 0.143675 4.68523
287500 0.143725 4.57902
287600 0.143775 4.45749
287700 0.143825 4.52066
287800 0.143875 4.38318
287900 0.143925 4.4873
288000 0.143975 4.68439
288100 0.144025 4.70189
288200 0.144075 4.68975
288300 0.144125 4.55523
288400 0.144175 4.46656
288500 0.144225 4.4481
288600 0.144275 4.47275
288700 0.144325 4.50127
288800 0.144375 4.69981
288900 0.144425 4.72545
289000 0.144475 4.69578
289100 0.144525 4.4603
289200 0.144575 4.49173
289300 0.144625 4.5202
289400 0.144675 4.60296
289500 0.144725 4.68274
289600 0.144775 4.64291
289700 0.144825 4.55837
289800 0.144875 4.4998
289900 0.144925 4.42569
290000 0.144975 4.48847
290100 0.145025 4.66556
290200 0.145075 4.60202
290300 0.145125 4.54899
290400 0.145175 4.44406
290500 0.145225 4.52841
290600 0.145275 4.4862
290700 0.145325 4.48748
290800 0.145375 4.63946
290900 0.145425 4.68073
291000 0.145475 4.65721
291100 0.145525 4.61043
291200 0.145575 4.50455
291300 0.145625 4.5675
291400 0.145675 4.56074
291500 0.145725 4.55028
291600 0.145775 4.66843
291700 0.145825 4.6004
291800 0.145875 4.58219
291900 0.145925 4.70959
292000 0.145975 4.63046
292100 0.146025 4.6028
292200 0.146075 4.72839
292300 0.146125 4.66042
292400 0.146175 4.68756
292500 0.146225 4.6633
292600 0.146275 4.61472
292700 0.146325 4.62175
292800 0.146375 4.68591
292900 0.146425 4.67527
293000 0.146475 4.69944
293100 0.146525 4.65679
293200 0.146575 4.6184
293300 0.146625 4.62685
293400 0.146675 4.60583
293500 0.146725 4.66246
293600 0.146775 4.63133
293700 0.146825 4.62258
293800 0.146875 4.53587
293900 0.146925 4.59482
294000 0.146975 4.57761
294100 0.147025 4.5908
294200 0.147075 4.64794
294300 0.147125 4.77094
294400 0.147175 4.73929
294500 0.147225 4.59114
294600 0.147275 4.56418
294700 0.147325 4.53785
294800 0.147375 4.63774
294900 0.147425 4.65651
295000 0.147475 4.61373
295100 0.147525 4.65992
295200 0.147575 4.63751
295300 0.147625 4.59123
295400 0.147675 4.61942
295500 0.147725 4.69627
295600 0.147775 4.71186
295700 0.147825 4.71164
295800 0.147875 4.64314
295900 0.147925 4.58691
296000 0.147975 4.65891
296100 0.148025 4.62069
296200 0.148075 4.68642
296300 0.148125 4.63477
296400 0.148175 4.70703
296500 0.148225 4.60695
296600 0.148275 4.55133
296700 0.148325 4.64999
296800 0.148375 4.59944
296900 0.148425 4.59338
297000 0.148475 4.67004
297100 0.148525 4.66472
297200 0.148575 4.70067
297300 0.148625 4.65712
297400 0.148675 4.5413
297500 0.148725 4.66167
297600 0.148775 4.67261
297700 0.148825 4.63901
297800 0.148875 4.67622
297900 0.148925 4.64995
298000 0.148975 4.58039
298100 0.149025 4.58413
298200 0.149075 4.5384
298300 0.149125 4.67192
298400 0.149175 4.69298
298500 0.149225 4.72287
298600 0.149275 4.76129
298700 0.149325 4.69465
298800 0.149375 4.63708
298900 0.149425 4.74865
299000 0.149475 4.70735
299100 0.149525 4.75825
299200 0.149575 4.75825
299300 0.149625 4.66323
299400 0.149675 4.58531
299500 0.149725 4.66226
299600 0.149775 4.69958
299700 0.149825 4.79171
299800 0.149875 4.73274
299900 0.149925 4.80557
300000 0.149975 4.66152
300100 0.150025 4.72378
300200 0.150075 4.69767
300300 0.150125 4.72905
300400 0.150175 4.70313
300500 0.150225 4.70893
300600 0.150275 4.82893
300700 0.150325 4.847
300800 0.150375 4.76476
300900 0.150425 4.58669
301000 0.150475 4.61172
301100 0.150525 4.72495
301200 0.150575 4.73542
301300 0.150625 4.76987
301400 0.150675 4.77758
301500 0.150725 4.75718
301600 0.150775 4.7674
301700 0.150825 4.7326
301800 0.150875 4.80067
301900 0.150925 4.77661
302000 0.150975 4.74286
302100 0.151025 4.68429
302200 0.151075 4.80183
302300 0.151125 4.74212
302400 0.151175 4.80806
302500 0.151225 4.73776
302600 0.151275 4.72762
302700 0.151325 4.77703
302800 0.151375 4.83639
302900 0.151425 4.81669
303000 0.151475 4.80188
303100 0.151525 4.84239
303200 0.151575 4.78513
303300 0.151625 4.87356
303400 0.151675 4.80564
303500 0.151725 4.76539
303600 0.151775 4.88751
303700 0.151825 4.79024
303800 0.151875 4.87407
303900 0.151925 4.90883
304000 0.151975 4.91466
304100 0.152025 4.81245
304200 0.152075 4.65667
304300 0.152125 4.65858
304400 0.152175 4.77367
304500 0.152225 4.84936
304600 0.152275 4.80145
304700 0.152325 4.76184
304800 0.152375 4.64913
304900 0.152425 4.69883
305000 0.152475 4.68483
305100 0.152525 4.69968
305200 0.152575 4.77143
305300 0.152625 4.85707
305400 0.152675 4.85847
305500 0.152725 4.90948
305600 0.152775 4.73346
305700 0.152825 4.68942
305800 0.152875 4.78218
305900 0.152925 4.85932
306000 0.152975 4.88685
306100 0.153025 4.81924
306200 0.153075 4.90469
306300 0.153125 4.90354
306400 0.153175 4.76353
306500 0.153225 4.77463
306600 0.153275 4.80884
306700 0.153325 4.89986
306800 0.153375 4.9205
306900 0.153425 4.96383
307000 0.153475 4.87537
307100 0.153525 4.80056
307200 0.153575 4.85333
307300 0.153625 4.90034
307400 0.153675 4.91776
307500 0.153725 4.89144
307600 0.153775 4.82328
307700 0.153825 4.79952
307800 0.153875 4.86052
307900 0.153925 4.93438
308000 0.153975 4.84669
308100 0.154025 4.79963
308200 0.154075 4.83093
308300 0.154125 4.84886
308400 0.154175 4.95299
308500 0.154225 4.93793
308600 0.154275 4.84677
308700 0.154325 4.89194
308800 0.154375 4.82783
308900 0.154425 4.89666
309000 0.154475 4.93073
309100 0.154525 4.92122
309200 0.154575 4.88807
309300 0.154625 4.79818
309400 0.154675 4.83924
309500 0.154725 4.8648
309600 0.154775 4.90017
309700 0.154825 4.95918
309800 0.154875 5.1034
309900 0.154925 4.94413
310000 0.154975 4.84037
310100 0.155025 4.78965
310200 0.155075 4.92293
310300 0.155125 5.00116
310400 0.155175 5.00227
310500 0.155225 5.03322
310600 0.155275 5.01239
310700 0.155325 5.07138
310800 0.155375 4.95714
310900 0.155425 4.94954
311000 0.155475 4.93672
311100 0.155525 4.91351
311200 0.155575 5.00015
311300 0.155625 5.01891
311400 0.155675 4.9127
311500 0.155725 4.96295
311600 0.155775 4.89805
311700 0.155825 4.84932
311800 0.155875 4.96935
311900 0.155925 4.96166
312000 0.155975 4.87437
312100 0.156025 4.91617
312200 0.156075 5.03208
312300 0.156125 4.96358
312400 0.156175 4.89297
312500 0.156225 4.88219
312600 0.156275 4.92868
312700 0.156325 4.94212
312800 0.156375 4.94355
312900 0.156425 4.98619
313000 0.156475 5.00917
313100 0.156525 4.80341
313200 0.156575 4.81151
313300 0.156625 4.85841
313400 0.156675 4.99546
313500 0.156725 5.06598
313600 0.156775 5.06756
313700 0.156825 5.06801
313800 0.156875 4.95327
313900 0.156925 4.87992
314000 0.156975 4.9004
314100 0.157025 4.91435
314200 0.157075 5.00936
314300 0.157125 5.02739
314400 0.157175 5.03149
314500 0.157225 4.99441
314600 0.157275 4.92062
314700 0.157325 4.87153
314800 0.157375 4.93412
314900 0.157425 4.92122
315000 0.157475 5.01836
315100 0.157525 5.11138
315200 0.157575 5.05529
315300 0.157625 4.97606
315400 0.157675 4.90975
315500 0.157725 4.88437
315600 0.157775 4.94726
315700 0.157825 5.01057
315800 0.157875 5.02261
315900 0.157925 5.0563
316000 0.157975 4.97584
316100 0.158025 4.96735
316200 0.158075 4.96266
316300 0.158125 4.96405
316400 0.158175 5.06175
316500 0.158225 5.00888
316600 0.158275 4.97657
316700 0.158325 5.01558
316800 0.158375 4.9963
316900 0.158425 4.99808
317000 0.158475 4.89978
317100 0.158525 4.92447
317200 0.158575 4.97293
317300 0.158625 5.10967
317400 0.158675 5.19548
317500 0.158725 5.08958
317600 0.158775 5.13395
317700 0.158825 5.09936
317800 0.158875 5.07923
317900 0.158925 5.07736
318000 0.158975 5.10225
318100 0.159025 5.02255
318200 0.159075 5.09364
318300 0.159125 5.05258
318400 0.159175 5.01878
318500 0.159225 5.02474
318600 0.159275 5.02798
318700 0.159325 5.09864
318800 0.159375 5.156
318900 0.159425 5.19097
319000 0.159475 5.01262
319100 0.159525 4.89767
319200 0.159575 4.89442
319300 0.159625 5.0205
319400 0.159675 5.164
319500 0.159725 5.15611
319600 0.159775 4.97346
319700 0.159825 4.92707
319800 0.159875 4.96019
319900 0.159925 4.95937
320000 0.159975 4.96046
320100 0.160025 5.12194
320200 0.160075 5.15218
320300 0.160125 5.16441
320400 0.160175 5.10201
320500 0.160225 5.0081
320600 0.160275 5.00789
320700 0.160325 5.14924
320800 0.160375 5.11809
320900 0.160425 5.15375
321000 0.160475 5.23156
321100 0.160525 5.07061
321200 0.160575 5.01649
321300 0.160625 5.15191
321400 0.160675 5.14827
321500 0.160725 5.18266
321600 0.160775 5.29128
321700 0.160825 5.0882
321800 0.160875 5.07079
321900 0.160925 5.00993
322000 0.160975 4.96414
322100 0.161025 5.12027
322200 0.161075 5.16009
322300 0.161125 5.14715
322400 0.161175 5.17311
322500 0.161225 5.14157
322600 0.161275 5.10289
322700 0.161325 5.17318
322800 0.161375 5.14585
322900 0.161425 5.16914
323000 0.161475 5.08735
323100 0.161525 5.17986
323200 0.161575 5.17056
323300 0.161625 4.99391
323400 0.161675 4.95402
323500 0.161725 5.14029
323600 0.161775 5.17181
323700 0.161825 5.24145
323800 0.161875 5.16321
323900 0.161925 5.20124
324000 0.161975 5.15476
324100 0.162025 5.06733
324200 0.162075 5.10044
324300 0.162125 5.25855
324400 0.162175 5.16718
324500 0.162225 5.15241
324600 0.162275 5.10508
324700 0.162325 5.1316
324800 0.162375 5.2262
324900 0.162425 5.17046
325000 0.162475 5.20037
325100 0.162525 5.13517
325200 0.162575 5.16031
325300 0.162625 5.16096
325400 0.162675 5.11635
325500 0.162725 5.13428
325600 0.162775 5.13206
325700 0.162825 5.1447
325800 0.162875 5.18286
325900 0.162925 5.08408
326000 0.162975 5.04985
326100 0.163025 5.14089
326200 0.163075 5.10355
326300 0.163125 5.08383
326400 0.163175 5.19537
326500 0.163225 5.18572
326600 0.163275 5.19391
326700 0.163325 5.12094
326800 0.163375 5.06295
326900 0.163425 5.07222
327000 0.163475 5.22715
327100 0.163525 5.32553
327200 0.163575 5.28401
327300 0.163625 5.2195
327400 0.163675 5.0959
327500 0.163725 5.05899
327600 0.163775 5.12123
327700 0.163825 5.14778
327800 0.163875 5.21126
327900 0.163925 5.27469
328000 0.163975 5.10787
328100 0.164025 5.13908
328200 0.164075 5.18058
328300 0.164125 5.14308
328400 0.164175 5.18071
328500 0.164225 5.17356
328600 0.164275 5.11113
328700 0.164325 5.1782
328800 0.164375 5.19779
328900 0.164425 5.30094
329000 0.164475 5.27684
329100 0.164525 5.14504
329200 0.164575 5.06784
329300 0.164625 5.14211
329400 0.164675 5.27446
329500 0.164725 5.34212
329600 0.164775 5.13362
329700 0.164825 5.18453
329800 0.164875 5.18149
329900 0.164925 5.16206
330000 0.164975 5.31281
330100 0.165025 5.20862
330200 0.165075 5.26283
330300 0.165125 5.15961
330400 0.165175 5.15727
330500 0.165225 5.09566
330600 0.165275 5.08954
330700 0.165325 5.29212
330800 0.165375 5.32798
330900 0.165425 5.31356
331000 0.165475 5.2735
331100 0.165525 5.23283
331200 0.165575 5.25061
331300 0.165625 5.21582
331400 0.165675 5.30593
331500 0.165725 5.3503
331600 0.165775 5.25271
331700 0.165825 5.24174
331800 0.165875 5.23652
331900 0.165925 5.24664
332000 0.165975 5.24342
332100 0.166025 5.35093
332200 0.166075 5.31118
332300 0.166125 5.22479
332400 0.166175 5.24142
332500 0.166225 5.19613
332600 0.166275 5.24585
332700 0.166325 5.27401
332800 0.166375 5.23405
332900 0.166425 5.20315
333000 0.166475 5.29136
333100 0.166525 5.28167
333200 0.166575 5.14342
333300 0.166625 5.23511
333400 0.166675 5.20243
333500 0.166725 5.25632
333600 0.166775 5.27332
333700 0.166825 5.22081
333800 0.166875 5.2978
333900 0.166925 5.22552
334000 0.166975 5.17856
334100 0.167025 5.17853
334200 0.167075 5.26554
334300 0.167125 5.30061
334400 0.167175 5.3108
334500 0.167225 5.27116
334600 0.167275 5.24687
334700 0.167325 5.31587
334800 0.167375 5.33423
334900 0.167425 5.28942
335000 0.167475 5.25317
335100 0.167525 5.32816
335200 0.167575 5.32451
335300 0.167625 5.36604
335400 0.167675 5.29268
335500 0.167725 5.29147
335600 0.167775 5.29697
335700 0.167825 5.2798
335800 0.167875 5.36821
335900 0.167925 5.42791
336000 0.167975 5.34931
336100 0.168025 5.17531
336200 0.168075 5.29561
336300 0.168125 5.26206
336400 0.168175 5.34198
336500 0.168225 5.31521
336600 0.168275 5.32576
336700 0.168325 5.31302
336800 0.168375 5.19755
336900 0.168425 5.29437
337000 0.168475 5.31691
337100 0.168525 5.31669
337200 0.168575 5.34779
337300 0.168625 5.30913
337400 0.168675 5.25139
337500 0.168725 5.20443
337600 0.168775 5.27457
337700 0.168825 5.25739
337800 0.168875 5.28495
337900 0.168925 5.4261
338000 0.168975 5.47486
338100 0.169025 5.3617
338200 0.169075 5.29938
338300 0.169125 5.25535
338400 0.169175 5.37781
338500 0.169225 5.30592
338600 0.169275 5.33485
338700 0.169325 5.38542
338800 0.169375 5.42013
338900 0.169425 5.48238
339000 0.169475 5.41058
339100 0.169525 5.32797
339200 0.169575 5.36929
339300 0.169625 5.38858
339400 0.169675 5.35937
339500 0.169725 5.32091
339600 0.169775 5.28896
339700 0.169825 5.26829
339800 0.169875 5.33949
339900 0.169925 5.41814
340000 0.169975 5.51446
340100 0.170025 5.41699
340200 0.170075 5.33341
340300 0.170125 5.31196
340400 0.170175 5.37238
340500 0.170225 5.30615
340600 0.170275 5.3115
340700 0.170325 5.26455
340800 0.170375 5.42508
340900 0.170425 5.35333
341000 0.170475 5.34511
341100 0.170525 5.31549
341200 0.170575 5.30439
341300 0.170625 5.36445
341400 0.170675 5.35512
341500 0.170725 5.46461
341600 0.170775 5.43397
341700 0.170825 5.47083
341800 0.170875 5.49174
341900 0.170925 5.36792
342000 0.170975 5.3098
342100 0.171025 5.36815
342200 0.171075 5.37737
342300 0.171125 5.38655
342400 0.171175 5.44482
342500 0.171225 5.51013
342600 0.171275 5.37313
342700 0.171325 5.31742
342800 0.171375 5.32582
342900 0.171425 5.26306
343000 0.171475 5.35269
343100 0.171525 5.38631
343200 0.171575 5.35848
343300 0.171625 5.42322
343400 0.171675 5.3608
343500 0.171725 5.38754
343600 0.171775 5.32648
343700 0.171825 5.42319
343800 0.171875 5.43857
343900 0.171925 5.3183
344000 0.171975 5.34096
344100 0.172025 5.35868
344200 0.172075 5.43447
344300 0.172125 5.39936
344400 0.172175 5.37925
344500 0.172225 5.43865
344600 0.172275 5.33195
344700 0.172325 5.35224
344800 0.172375 5.36933
344900 0.172425 5.4782
345000 0.172475 5.40544
345100 0.172525 5.43832
345200 0.172575 5.42079
345300 0.172625 5.38853
345400 0.172675 5.4767
345500 0.172725 5.40704
345600 0.172775 5.46008
345700 0.172825 5.43218
345800 0.172875 5.41654
345900 0.172925 5.46224
346000 0.172975 5.49379
346100 0.173025 5.48723
346200 0.173075 5.40648
346300 0.173125 5.40608
346400 0.173175 5.52437
346500 0.173225 5.44324
346600 0.173275 5.53922
346700 0.173325 5.58983
346800 0.173375 5.42708
346900 0.173425 5.31253
347000 0.173475 5.44343
347100 0.173525 5.48019
347200 0.173575 5.56707
347300 0.173625 5.494
347400 0.173675 5.42813
347500 0.173725 5.49016
347600 0.173775 5.43436
347700 0.173825 5.48308
347800 0.173875 5.52053
347900 0.173925 5.45654
348000 0.173975 5.5122
348100 0.174025 5.57436
348200 0.174075 5.43034
348300 0.174125 5.39844
348400 0.174175 5.48477
348500 0.174225 5.44127
348600 0.174275 5.53401
348700 0.174325 5.54587
348800 0.174375 5.43567
348900 0.174425 5.44204
349000 0.174475 5.36161
349100 0.174525 5.44455
349200 0.174575 5.40805
349300 0.174625 5.62144
349400 0.174675 5.63533
349500 0.174725 5.57824
349600 0.174775 5.46213
349700 0.174825 5.48295
349800 0.174875 5.5479
349900 0.174925 5.45143
350000 0.174975 5.34809
350100 0.175025 5.38811
350200 0.175075 5.48941
350300 0.175125 5.53602
350400 0.175175 5.63859
350500 0.175225 5.63888
350600 0.175275 5.41861
350700 0.175325 5.40326
350800 0.175375 5.40201
350900 0.175425 5.4678
351000 0.175475 5.4914
351100 0.175525 5.47379
351200 0.175575 5.46606
351300 0.175625 5.54732
351400 0.175675 5.448
351500 0.175725 5.56675
351600 0.175775 5.42716
351700 0.175825 5.49086
351800 0.175875 5.55273
351900 0.175925 5.59317
352000 0.175975 5.54625
352100 0.176025 5.4441
352200 0.176075 5.44997
352300 0.176125 5.459
352400 0.176175 5.51382
352500 0.176225 5.53868
352600 0.176275 5.52905
352700 0.176325 5.46367
352800 0.176375 5.42594
352900 0.176425 5.45858
353000 0.176475 5.46217
353100 0.176525 5.49347
353200 0.176575 5.62561
353300 0.176625 5.61328
353400 0.176675 5.65877
353500 0.176725 5.584
353600 0.176775 5.49378
353700 0.176825 5.55807
353800 0.176875 5.44876
353900 0.176925 5.54546
354000 0.176975 5.52747
354100 0.177025 5.4863
354200 0.177075 5.45156
354300 0.177125 5.47961
354400 0.177175 5.69798
354500 0.177225 5.58677
354600 0.177275 5.69923
354700 0.177325 5.59705
354800 0.177375 5.60221
354900 0.177425 5.56806
355000 0.177475 5.56228
355100 0.177525 5.60975
355200 0.177575 5.44365
355300 0.177625 5.57999
355400 0.177675 5.59118
355500 0.177725 5.58797
355600 0.177775 5.48474
355700 0.177825 5.56545
355800 0.177875 5.6347
355900 0.177925 5.60743
356000 0.177975 5.5964
356100 0.178025 5.51243
356200 0.178075 5.41249
356300 0.178125 5.57339
356400 0.178175 5.59569
356500 0.178225 5.69487
356600 0.178275 5.58142
356700 0.178325 5.64754
356800 0.178375 5.57961
356900 0.178425 5.54628
357000 0.178475 5.61912
357100 0.178525 5.6683
357200 0.178575 5.58394
357300 0.178625 5.59066
357400 0.178675 5.51536
357500 0.178725 5.49566
357600 0.178775 5.48753
357700 0.178825 5.55176
357800 0.178875 5.63575
357900 0.178925 5.61059
358000 0.178975 5.6067
358100 0.179025 5.56829
358200 0.179075 5.5373
358300 0.179125 5.53839
358400 0.179175 5.57328
358500 0.179225 5.63947
358600 0.179275 5.65224
358700 0.179325 5.59219
358800 0.179375 5.53673
358900 0.179425 5.4516
359000 0.179475 5.45036
359100 0.179525 5.65327
359200 0.179575 5.48032
359300 0.179625 5.60953
359400 0.179675 5.53437
359500 0.179725 5.38626
359600 0.179775 5.53107
359700 0.179825 5.57247
359800 0.179875 5.59918
359900 0.179925 5.54996
360000 0.179975 5.48164
360100 0.180025 5.45173
360200 0.180075 5.47693
360300 0.180125 5.54179
360400 0.180175 5.57526
360500 0.180225 5.51895
360600 0.180275 5.54397
360700 0.180325 5.52876
360800 0.180375 5.45735
360900 0.180425 5.45472
361000 0.180475 5.4748
361100 0.180525 5.5438
361200 0.180575 5.52717
361300 0.180625 5.50397
361400 0.180675 5.34992
361500 0.180725 5.42259
361600 0.180775 5.51511
361700 0.180825 5.48784
361800 0.180875 5.53417
361900 0.180925 5.58696
362000 0.180975 5.39914
362100 0.181025 5.45184
362200 0.181075 5.47676
362300 0.181125 5.53417
362400 0.181175 5.51859
362500 0.181225 5.60399
362600 0.181275 5.52439
362700 0.181325 5.47492
362800 0.181375 5.48432
362900 0.181425 5.60676
363000 0.181475 5.44714
363100 0.181525 5.46759
363200 0.181575 5.39036
363300 0.181625 5.4638
363400 0.181675 5.45863
363500 0.181725 5.56379
363600 0.181775 5.48288
363700 0.181825 5.45578
363800 0.181875 5.42095
363900 0.181925 5.52729
364000 0.181975 5.58293
364100 0.182025 5.56202
364200 0.182075 5.45466
364300 0.182125 5.3782
364400 0.182175 5.37704
364500 0.182225 5.40156
364600 0.182275 5.51707
364700 0.182325 5.5452
364800 0.182375 5.50682
364900 0.182425 5.43279
365000 0.182475 5.47555
365100 0.182525 5.5059
365200 0.182575 5.50408
365300 0.182625 5.46068
365400 0.182675 5.52266
365500 0.182725 5.54269
365600 0.182775 5.46547
365700 0.182825 5.43921
365800 0.182875 5.54043
365900 0.182925 5.50368
366000 0.182975 5.45092
366100 0.183025 5.41953
366200 0.183075 5.52613
366300 0.183125 5.6199
366400 0.183175 5.53839
366500 0.183225 5.52127
366600 0.183275 5.56788
366700 0.183325 5.46681
366800 0.183375 5.52287
366900 0.183425 5.56261
367000 0.183475 5.485
367100 0.183525 5.409
367200 0.183575 5.43384
367300 0.183625 5.48716
367400 0.183675 5.40387
367500 0.183725 5.51214
367600 0.183775 5.39978
367700 0.183825 5.4648
367800 0.183875 5.63896
367900 0.183925 5.56535
368000 0.183975 5.48244
368100 0.184025 5.5964
368200 0.184075 5.55649
368300 0.184125 5.58244
368400 0.184175 5.39279
368500 0.184225 5.34314
368600 0.184275 5.41929
368700 0.184325 5.44009
368800 0.184375 5.4343
368900 0.184425 5.4071
369000 0.184475 5.36324
369100 0.184525 5.40174
369200 0.184575 5.53878
369300 0.184625 5.37262
369400 0.184675 5.48009
369500 0.184725 5.40958
369600 0.184775 5.4365
369700 0.184825 5.45144
369800 0.184875 5.4856
369900 0.184925 5.53725
370000 0.184975 5.46265
370100 0.185025 5.41103
370200 0.185075 5.39819
370300 0.185125 5.40026
370400 0.185175 5.54415
370500 0.185225 5.63648
370600 0.185275 5.56573
370700 0.185325 5.45032
370800 0.185375 5.33755
370900 0.185425 5.36314
371000 0.185475 5.42338
371100 0.185525 5.54855
371200 0.185575 5.62817
371300 0.185625 5.5849
371400 0.185675 5.52174
371500 0.185725 5.46988
371600 0.185775 5.44783
371700 0.185825 5.45805
371800 0.185875 5.46007
371900 0.185925 5.49138
372000 0.185975 5.45649
372100 0.186025 5.60318
372200 0.186075 5.58316
372300 0.186125 5.50878
372400 0.186175 5.39388
372500 0.186225 5.4245
372600 0.186275 5.4782
372700 0.186325 5.60252
372800 0.186375 5.62995
372900 0.186425 5.57969
373000 0.186475 5.49317
373100 0.186525 5.42844
373200 0.186575 5.47099
373300 0.186625 5.58629
373400 0.186675 5.58217
373500 0.186725 5.58331
373600 0.186775 5.60783
373700 0.186825 5.55859
373800 0.186875 5.58754
373900 0.186925 5.50275
374000 0.186975 5.45732
374100 0.187025 5.48451
374200 0.187075 5.69154
374300 0.187125 5.64308
374400 0.187175 5.6101
374500 0.187225 5.45432
374600 0.187275 5.46606
374700 0.187325 5.52232
374800 0.187375 5.5688
374900 0.187425 5.56953
375000 0.187475 5.50464
375100 0.187525 5.52297
375200 0.187575 5.47955
375300 0.187625 5.47732
375400 0.187675 5.50908
375500 0.187725 5.61311
375600 0.187775 5.63683
375700 0.187825 5.56512
375800 0.187875 5.52633
375900 0.187925 5.58123
376000 0.187975 5.63542
376100 0.188025 5.56047
376200 0.188075 5.46648
376300 0.188125 5.51961
376400 0.188175 5.58831
376500 0.188225 5.61385
376600 0.188275 5.50936
376700 0.188325 5.6551
376800 0.188375 5.66033
376900 0.188425 5.54114
377000 0.188475 5.47497
377100 0.188525 5.5456
377200 0.188575 5.60584
377300 0.188625 5.56152
377400 0.188675 5.63605
377500 0.188725 5.55508
377600 0.188775 5.5578
377700 0.188825 5.59425
377800 0.188875 5.5879
377900 0.188925 5.67938
378000 0.188975 5.61807
378100 0.189025 5.62012
378200 0.189075 5.67494
378300 0.189125 5.62183
378400 0.189175 5.71032
378500 0.189225 5.54928
378600 0.189275 5.4909
378700 0.189325 5.58981
378800 0.189375 5.68843
378900 0.189425 5.61137
379000 0.189475 5.57903
379100 0.189525 5.54419
379200 0.189575 5.56205
379300 0.189625 5.51236
379400 0.189675 5.66193
379500 0.189725 5.63439
379600 0.189775 5.69133
379700 0.189825 5.62673
379800 0.189875 5.71514
379900 0.189925 5.62071
380000 0.189975 5.55133
380100 0.190025 5.6836
380200 0.190075 5.58474
380300 0.190125 5.5696
380400 0.190175 5.62048
380500 0.190225 5.58545
380600 0.190275 5.6059
380700 0.190325 5.48713
380800 0.190375 5.54744
380900 0.190425 5.6268
381000 0.190475 5.80432
381100 0.190525 5.74613
381200 0.190575 5.60708
381300 0.190625 5.58716
381400 0.190675 5.52411
381500 0.190725 5.56063
381600 0.190775 5.58308
381700 0.190825 5.63006
381800 0.190875 5.71665
381900 0.190925 5.64035
382000 0.190975 5.62684
382100 0.191025 5.54401
382200 0.191075 5.53161
382300 0.191125 5.44204
382400 0.191175 5.59766
382500 0.191225 5.69776
382600 0.191275 5.64834
382700 0.191325 5.54101
382800 0.191375 5.50586
382900 0.191425 5.60369
383000 0.191475 5.57066
383100 0.191525 5.58398
383200 0.191575 5.54851
383300 0.191625 5.6936
383400 0.191675 5.62155
383500 0.191725 5.6554
383600 0.191775 5.69509
383700 0.191825 5.58397
383800 0.191875 5.59044
383900 0.191925 5.59101
384000 0.191975 5.63723
384100 0.192025 5.68785
384200 0.192075 5.65796
384300 0.192125 5.59124
384400 0.192175 5.64613
384500 0.192225 5.57368
384600 0.192275 5.67642
384700 0.192325 5.70273
384800 0.192375 5.68975
384900 0.192425 5.77399
385000 0.192475 5.63198
385100 0.192525 5.7877
385200 0.192575 5.58582
385300 0.192625 5.70858
385400 0.192675 5.67884
385500 0.192725 5.7372
385600 0.192775 5.7113
385700 0.192825 5.69995
385800 0.192875 5.75371
385900 0.192925 5.65364
386000 0.192975 5.73939
386100 0.193025 5.63503
386200 0.193075 5.63582
386300 0.193125 5.60396
386400 0.193175 5.49132
386500 0.193225 5.51214
386600 0.193275 5.52881
386700 0.193325 5.67422
386800 0.193375 5.62598
386900 0.193425 5.64727
387000 0.193475 5.4405
387100 0.193525 5.6097
387200 0.193575 5.68168
387300 0.193625 5.67796
387400 0.193675 5.56809
387500 0.193725 5.51188
387600 0.193775 5.46565
387700 0.193825 5.56861
387800 0.193875 5.52552
387900 0.193925 5.56272
388000 0.193975 5.49155
388100 0.194025 5.6566
388200 0.194075 5.61788
388300 0.194125 5.53896
388400 0.194175 5.58991
388500 0.194225 5.56068
388600 0.194275 5.53159
388700 0.194325 5.61743
388800 0.194375 5.58619
388900 0.194425 5.57399
389000 0.194475 5.61706
389100 0.194525 5.65886
389200 0.194575 5.60134
389300 0.194625 5.50508
389400 0.194675 5.48184
389500 0.194725 5.60164
389600 0.194775 5.67813
389700 0.194825 5.66359
389800 0.194875 5.66565
389900 0.194925 5.65401
390000 0.194975 5.65165
390100 0.195025 5.57451
390200 0.195075 5.625
390300 0.195125 5.59323
390400 0.195175 5.60335
390500 0.195225 5.59593
390600 0.195275 5.68947
390700 0.195325 5.70862
390800 0.195375 5.60945
390900 0.195425 5.58319
391000 0.195475 5.61958
391100 0.195525 5.74049
391200 0.195575 5.70687
391300 0.195625 5.70982
391400 0.195675 5.75409
391500 0.195725 5.63968
391600 0.195775 5.56634
391700 0.195825 5.68103
391800 0.195875 5.61156
391900 0.195925 5.67815
392000 0.195975 5.69513
392100 0.196025 5.69397
392200 0.196075 5.59769
392300 0.196125 5.6039
392400 0.196175 5.52717
392500 0.196225 5.65056
392600 0.196275 5.6166
392700 0.196325 5.69429
392800 0.196375 5.77926
392900 0.196425 5.64758
393000 0.196475 5.73108
393100 0.196525 5.67213
393200 0.196575 5.6149
393300 0.196625 5.59432
393400 0.196675 5.6143
393500 0.196725 5.84996
393600 0.196775 5.69815
393700 0.196825 5.89137
393800 0.196875 5.78825
393900 0.196925 5.67793
394000 0.196975 5.64653
394100 0.197025 5.64191
394200 0.197075 5.72359
394300 0.197125 5.74491
394400 0.197175 5.67352
394500 0.197225 5.72331
394600 0.197275 5.7384
394700 0.197325 5.7475
394800 0.197375 5.66803
394900 0.197425 5.7681
395000 0.197475 5.71656
395100 0.197525 5.79507
395200 0.197575 5.80946
395300 0.197625 5.72529
395400 0.197675 5.68881
395500 0.197725 5.65165
395600 0.197775 5.69224
395700 0.197825 5.70625
395800 0.197875 5.7697
395900 0.197925 5.84424
396000 0.197975 5.66635
396100 0.198025 5.68596
396200 0.198075 5.74727
396300 0.198125 5.7066
396400 0.198175 5.72133
396500 0.198225 5.84618
396600 0.198275 5.90513
396700 0.198325 5.77028
396800 0.198375 5.53036
396900 0.198425 5.64752
397000 0.198475 5.87471
397100 0.198525 5.82817
397200 0.198575 5.85002
397300 0.198625 5.75943
397400 0.198675 5.65688
397500 0.198725 5.66793
397600 0.198775 5.75574
397700 0.198825 5.66672
397800 0.198875 5.76583
397900 0.198925 5.79975
398000 0.198975 5.72466
398100 0.199025 5.67492
398200 0.199075 5.70502
398300 0.199125 5.72523
398400 0.199175 5.67362
398500 0.199225 5.68714
398600 0.199275 5.8377
398700 0.199325 5.77617
398800 0.199375 5.65295
398900 0.199425 5.70686
399000 0.199475 5.77495
399100 0.199525 5.70669
399200 0.199575 5.61698
399300 0.199625 5.73145
399400 0.199675 5.80989
399500 0.199725 5.82901
399600 0.199775 5.79545
399700 0.199825 5.73162
399800 0.199875 5.68482
399900 0.199925 5.62369
400000 0.199975 5.53748
