# Time-averaged data for fix 3
# TimeStep v_strain v_stress_GPa
100 5.05e-05 0.378101
200 0.0001505 0.346538
300 0.0002505 0.382816
400 0.0003505 0.348984
500 0.0004505 0.384936
600 0.0005505 0.388798
700 0.0006505 0.406293
800 0.0007505 0.399919
900 0.0008505 0.407394
1000 0.0009505 0.422986
1100 0.0010505 0.374406
1200 0.0011505 0.415091
1300 0.0012505 0.398509
1400 0.0013505 0.38777
1500 0.0014505 0.424302
1600 0.0015505 0.413651
1700 0.0016505 0.425342
1800 0.0017505 0.44704
1900 0.0018505 0.429682
2000 0.0019505 0.423043
2100 0.0020505 0.445839
2200 0.0021505 0.46917
2300 0.0022505 0.445222
2400 0.0023505 0.444783
2500 0.0024505 0.430782
2600 0.0025505 0.4353
2700 0.0026505 0.459862
2800 0.0027505 0.482615
2900 0.0028505 0.482711
3000 0.0029505 0.475383
3100 0.0030505 0.503375
3200 0.0031505 0.456655
3300 0.0032505 0.478193
3400 0.0033505 0.472048
3500 0.0034505 0.437164
3600 0.0035505 0.492069
3700 0.0036505 0.491971
3800 0.0037505 0.527645
3900 0.0038505 0.540614
4000 0.0039505 0.552805
4100 0.0040505 0.527084
4200 0.0041505 0.546928
4300 0.0042505 0.532747
4400 0.0043505 0.510732
4500 0.0044505 0.477286
4600 0.0045505 0.490744
4700 0.0046505 0.511282
4800 0.0047505 0.539729
4900 0.0048505 0.549953
5000 0.0049505 0.57881
5100 0.0050505 0.599234
5200 0.0051505 0.604689
5300 0.0052505 0.584465
5400 0.0053505 0.563139
5500 0.0054505 0.552267
5600 0.0055505 0.576117
5700 0.0056505 0.555667
5800 0.0057505 0.511717
5900 0.0058505 0.542071
6000 0.0059505 0.558664
6100 0.0060505 0.619291
6200 0.0061505 0.599593
6300 0.0062505 0.621152
6400 0.0063505 0.601784
6500 0.0064505 0.625634
6600 0.0065505 0.604698
6700 0.0066505 0.57295
6800 0.0067505 0.572964
6900 0.0068505 0.599297
7000 0.0069505 0.62735
7100 0.0070505 0.600977
7200 0.0071505 0.612002
7300 0.0072505 0.653642
7400 0.0073505 0.642105
7500 0.0074505 0.646476
7600 0.0075505 0.648258
7700 0.0076505 0.618143
7800 0.0077505 0.626509
7900 0.0078505 0.627414
8000 0.0079505 0.591744
8100 0.0080505 0.625462
8200 0.0081505 0.643055
8300 0.0082505 0.67737
8400 0.0083505 0.696477
8500 0.0084505 0.66631
8600 0.0085505 0.687274
8700 0.0086505 0.691276
8800 0.0087505 0.668433
8900 0.0088505 0.658543
9000 0.0089505 0.659009
9100 0.0090505 0.690376
9200 0.0091505 0.661435
9300 0.0092505 0.685609
9400 0.0093505 0.688191
9500 0.0094505 0.724694
9600 0.0095505 0.746027
9700 0.0096505 0.715131
9800 0.0097505 0.707381
9900 0.0098505 0.698996
10000 0.0099505 0.753371
10100 0.0100505 0.731228
10200 0.0101505 0.675181
10300 0.0102505 0.719342
10400 0.0103505 0.716198
10500 0.0104505 0.727103
10600 0.0105505 0.748838
10700 0.0106505 0.758985
10800 0.0107505 0.765096
10900 0.0108505 0.781363
11000 0.0109505 0.748247
11100 0.0110505 0.706615
11200 0.0111505 0.772992
11300 0.0112505 0.766993
11400 0.0113505 0.752616
11500 0.0114505 0.763975
11600 0.0115505 0.760696
11700 0.0116505 0.799089
11800 0.0117505 0.819613
11900 0.0118505 0.774566
12000 0.0119505 0.735334
12100 0.0120505 0.764083
12200 0.0121505 0.814949
12300 0.0122505 0.790085
12400 0.0123505 0.824902
12500 0.0124505 0.799551
12600 0.0125505 0.83817
12700 0.0126505 0.84063
12800 0.0127505 0.798767
12900 0.0128505 0.810094
13000 0.0129505 0.791614
13100 0.0130505 0.809077
13200 0.0131505 0.83142
13300 0.0132505 0.854424
13400 0.0133505 0.834945
13500 0.0134505 0.859935
13600 0.0135505 0.817505
13700 0.0136505 0.847996
13800 0.0137505 0.829728
13900 0.0138505 0.832126
14000 0.0139505 0.856576
14100 0.0140505 0.848713
14200 0.0141505 0.848146
14300 0.0142505 0.880727
14400 0.0143505 0.845025
14500 0.0144505 0.879149
14600 0.0145505 0.920599
14700 0.0146505 0.891419
14800 0.0147505 0.855606
14900 0.0148505 0.871854
15000 0.0149505 0.864487
15100 0.0150505 0.896665
15200 0.0151505 0.884735
15300 0.0152505 0.903112
15400 0.0153505 0.908376
15500 0.0154505 0.943193
15600 0.0155505 0.940834
15700 0.0156505 0.927085
15800 0.0157505 0.918207
15900 0.0158505 0.892157
16000 0.0159505 0.918967
16100 0.0160505 0.942753
16200 0.0161505 0.956411
16300 0.0162505 0.935745
16400 0.0163505 0.973084
16500 0.0164505 0.974072
16600 0.0165505 0.965766
16700 0.0166505 0.949802
16800 0.0167505 0.954984
16900 0.0168505 0.981521
17000 0.0169505 0.960052
17100 0.0170505 0.983385
17200 0.0171505 0.980924
17300 0.0172505 0.948895
17400 0.0173505 1.02738
17500 0.0174505 0.983363
17600 0.0175505 0.941233
17700 0.0176505 0.972695
17800 0.0177505 0.977347
17900 0.0178505 0.994603
18000 0.0179505 0.99554
18100 0.0180505 1.01197
18200 0.0181505 1.01797
18300 0.0182505 1.0377
18400 0.0183505 1.03809
18500 0.0184505 1.00173
18600 0.0185505 1.00166
18700 0.0186505 1.00706
18800 0.0187505 1.03439
18900 0.0188505 1.03466
19000 0.0189505 1.01529
19100 0.0190505 1.01057
19200 0.0191505 1.09012
19300 0.0192505 1.05083
19400 0.0193505 1.06727
19500 0.0194505 1.08106
19600 0.0195505 1.03503
19700 0.0196505 1.0615
19800 0.0197505 1.05148
19900 0.0198505 1.05352
20000 0.0199505 1.06011
20100 0.0200505 1.06324
20200 0.0201505 1.06629
20300 0.0202505 1.09489
20400 0.0203505 1.11958
20500 0.0204505 1.08423
20600 0.0205505 1.07187
20700 0.0206505 1.12088
20800 0.0207505 1.0592
20900 0.0208505 1.09362
21000 0.0209505 1.05339
21100 0.0210505 1.07697
21200 0.0211505 1.12017
21300 0.0212505 1.11262
21400 0.0213505 1.1121
21500 0.0214505 1.12767
21600 0.0215505 1.14722
21700 0.0216505 1.14078
21800 0.0217505 1.1163
21900 0.0218505 1.0837
22000 0.0219505 1.13666
22100 0.0220505 1.15931
22200 0.0221505 1.11957
22300 0.0222505 1.09395
22400 0.0223505 1.1768
22500 0.0224505 1.17686
22600 0.0225505 1.1996
22700 0.0226505 1.18035
22800 0.0227505 1.16329
22900 0.0228505 1.17218
23000 0.0229505 1.19027
23100 0.0230505 1.15526
23200 0.0231505 1.12926
23300 0.0232505 1.1555
23400 0.0233505 1.19689
23500 0.0234505 1.21838
23600 0.0235505 1.22391
23700 0.0236505 1.21496
23800 0.0237505 1.2393
23900 0.0238505 1.24964
24000 0.0239505 1.19712
24100 0.0240505 1.18788
24200 0.0241505 1.14717
24300 0.0242505 1.21781
24400 0.0243505 1.19529
24500 0.0244505 1.20759
24600 0.0245505 1.21465
24700 0.0246505 1.28277
24800 0.0247505 1.27267
24900 0.0248505 1.24979
25000 0.0249505 1.27813
25100 0.0250505 1.23405
25200 0.0251505 1.22579
25300 0.0252505 1.24209
25400 0.0253505 1.22717
25500 0.0254505 1.2459
25600 0.0255505 1.24046
25700 0.0256505 1.28377
25800 0.0257505 1.33083
25900 0.0258505 1.32704
26000 0.0259505 1.28173
26100 0.0260505 1.28708
26200 0.0261505 1.29814
26300 0.0262505 1.25329
26400 0.0263505 1.24954
26500 0.0264505 1.27082
26600 0.0265505 1.30244
26700 0.0266505 1.32563
26800 0.0267505 1.31637
26900 0.0268505 1.33785
27000 0.0269505 1.35966
27100 0.0270505 1.37915
27200 0.0271505 1.33853
27300 0.0272505 1.3111
27400 0.0273505 1.29012
27500 0.0274505 1.31553
27600 0.0275505 1.3216
27700 0.0276505 1.29714
27800 0.0277505 1.33664
27900 0.0278505 1.38065
28000 0.0279505 1.431
28100 0.0280505 1.39845
28200 0.0281505 1.35052
28300 0.0282505 1.38727
28400 0.0283505 1.37917
28500 0.0284505 1.38276
28600 0.0285505 1.3324
28700 0.0286505 1.32028
28800 0.0287505 1.39507
28900 0.0288505 1.41012
29000 0.0289505 1.41658
29100 0.0290505 1.4216
29200 0.0291505 1.41635
29300 0.0292505 1.44962
29400 0.0293505 1.43804
29500 0.0294505 1.39359
29600 0.0295505 1.38668
29700 0.0296505 1.37999
29800 0.0297505 1.42961
29900 0.0298505 1.42285
30000 0.0299505 1.41073
30100 0.0300505 1.46814
30200 0.0301505 1.49386
30300 0.0302505 1.48049
30400 0.0303505 1.47289
30500 0.0304505 1.47032
30600 0.0305505 1.49351
30700 0.0306505 1.46357
30800 0.0307505 1.40721
30900 0.0308505 1.47007
31000 0.0309505 1.48572
31100 0.0310505 1.48312
31200 0.0311505 1.46284
31300 0.0312505 1.47084
31400 0.0313505 1.49683
31500 0.0314505 1.53262
31600 0.0315505 1.51293
31700 0.0316505 1.4886
31800 0.0317505 1.46561
31900 0.0318505 1.48785
32000 0.0319505 1.4888
32100 0.0320505 1.49405
32200 0.0321505 1.4697
32300 0.0322505 1.49543
32400 0.0323505 1.52896
32500 0.0324505 1.5412
32600 0.0325505 1.56387
32700 0.0326505 1.57162
32800 0.0327505 1.54426
32900 0.0328505 1.52783
33000 0.0329505 1.50772
33100 0.0330505 1.49237
33200 0.0331505 1.53746
33300 0.0332505 1.48614
33400 0.0333505 1.55486
33500 0.0334505 1.58149
33600 0.0335505 1.5926
33700 0.0336505 1.59186
33800 0.0337505 1.62157
33900 0.0338505 1.61158
34000 0.0339505 1.57909
34100 0.0340505 1.55496
34200 0.0341505 1.56416
34300 0.0342505 1.59165
34400 0.0343505 1.58429
34500 0.0344505 1.60714
34600 0.0345505 1.58557
34700 0.0346505 1.6084
34800 0.0347505 1.64421
34900 0.0348505 1.68555
35000 0.0349505 1.63396
35100 0.0350505 1.60164
35200 0.0351505 1.61818
35300 0.0352505 1.6339
35400 0.0353505 1.63686
35500 0.0354505 1.61335
35600 0.0355505 1.57384
35700 0.0356505 1.64115
35800 0.0357505 1.66188
35900 0.0358505 1.70722
36000 0.0359505 1.6903
36100 0.0360505 1.70065
36200 0.0361505 1.70376
36300 0.0362505 1.67826
36400 0.0363505 1.63745
36500 0.0364505 1.64012
36600 0.0365505 1.60961
36700 0.0366505 1.65685
36800 0.0367505 1.67801
36900 0.0368505 1.687
37000 0.0369505 1.73077
37100 0.0370505 1.74532
37200 0.0371505 1.71965
37300 0.0372505 1.75662
37400 0.0373505 1.74842
37500 0.0374505 1.68551
37600 0.0375505 1.6429
37700 0.0376505 1.69519
37800 0.0377505 1.72073
37900 0.0378505 1.72062
38000 0.0379505 1.70566
38100 0.0380505 1.71476
38200 0.0381505 1.78135
38300 0.0382505 1.7955
38400 0.0383505 1.72922
38500 0.0384505 1.74784
38600 0.0385505 1.78953
38700 0.0386505 1.7499
38800 0.0387505 1.74323
38900 0.0388505 1.70216
39000 0.0389505 1.72239
39100 0.0390505 1.7701
39200 0.0391505 1.79617
39300 0.0392505 1.78389
39400 0.0393505 1.8022
39500 0.0394505 1.82188
39600 0.0395505 1.80887
39700 0.0396505 1.7859
39800 0.0397505 1.77798
39900 0.0398505 1.77833
40000 0.0399505 1.79444
40100 0.0400505 1.78309
40200 0.0401505 1.81462
40300 0.0402505 1.82851
40400 0.0403505 1.83947
40500 0.0404505 1.842
40600 0.0405505 1.83281
40700 0.0406505 1.84736
40800 0.0407505 1.83215
40900 0.0408505 1.80375
41000 0.0409505 1.84855
41100 0.0410505 1.82517
41200 0.0411505 1.82356
41300 0.0412505 1.87641
41400 0.0413505 1.89538
41500 0.0414505 1.89417
41600 0.0415505 1.91026
41700 0.0416505 1.89818
41800 0.0417505 1.89636
41900 0.0418505 1.89781
42000 0.0419505 1.82396
42100 0.0420505 1.87041
42200 0.0421505 1.84432
42300 0.0422505 1.87398
42400 0.0423505 1.9193
42500 0.0424505 1.90256
42600 0.0425505 1.9431
42700 0.0426505 1.94195
42800 0.0427505 1.90038
42900 0.0428505 1.95898
43000 0.0429505 1.92476
43100 0.0430505 1.90371
43200 0.0431505 1.90822
43300 0.0432505 1.91706
43400 0.0433505 1.91371
43500 0.0434505 1.93661
43600 0.0435505 1.94863
43700 0.0436505 1.95726
43800 0.0437505 1.93145
43900 0.0438505 2.00026
44000 0.0439505 1.93982
44100 0.0440505 1.94442
44200 0.0441505 1.91679
44300 0.0442505 1.9645
44400 0.0443505 1.95061
44500 0.0444505 1.95943
44600 0.0445505 1.97795
44700 0.0446505 2.0038
44800 0.0447505 1.97922
44900 0.0448505 2.01302
45000 0.0449505 2.0058
45100 0.0450505 1.97548
45200 0.0451505 2.01514
45300 0.0452505 1.97293
45400 0.0453505 1.98985
45500 0.0454505 1.97457
45600 0.0455505 2.01329
45700 0.0456505 2.00551
45800 0.0457505 2.06645
45900 0.0458505 2.03741
46000 0.0459505 2.03398
46100 0.0460505 2.03953
46200 0.0461505 2.03546
46300 0.0462505 2.02395
46400 0.0463505 1.99255
46500 0.0464505 2.00568
46600 0.0465505 2.02381
46700 0.0466505 2.05961
46800 0.0467505 2.02813
46900 0.0468505 2.0529
47000 0.0469505 2.07059
47100 0.0470505 2.05882
47200 0.0471505 2.0699
47300 0.0472505 2.08279
47400 0.0473505 2.04295
47500 0.0474505 2.03673
47600 0.0475505 2.09019
47700 0.0476505 2.07139
47800 0.0477505 2.09045
47900 0.0478505 2.11321
48000 0.0479505 2.10755
48100 0.0480505 2.10563
48200 0.0481505 2.13838
48300 0.0482505 2.09772
48400 0.0483505 2.09159
48500 0.0484505 2.08479
48600 0.0485505 2.06157
48700 0.0486505 2.10913
48800 0.0487505 2.15855
48900 0.0488505 2.10428
49000 0.0489505 2.14526
49100 0.0490505 2.14811
49200 0.0491505 2.18313
49300 0.0492505 2.18943
49400 0.0493505 2.15162
49500 0.0494505 2.11995
49600 0.0495505 2.10432
49700 0.0496505 2.13754
49800 0.0497505 2.13351
49900 0.0498505 2.11451
50000 0.0499505 2.1681
50100 0.0500505 2.23379
50200 0.0501505 2.21047
50300 0.0502505 2.22339
50400 0.0503505 2.22981
50500 0.0504505 2.2273
50600 0.0505505 2.19232
50700 0.0506505 2.10541
50800 0.0507505 2.16079
50900 0.0508505 2.18385
51000 0.0509505 2.17838
51100 0.0510505 2.20919
51200 0.0511505 2.23409
51300 0.0512505 2.25277
51400 0.0513505 2.28976
51500 0.0514505 2.28203
51600 0.0515505 2.21747
51700 0.0516505 2.20224
51800 0.0517505 2.22507
51900 0.0518505 2.2612
52000 0.0519505 2.22253
52100 0.0520505 2.19501
52200 0.0521505 2.24273
52300 0.0522505 2.28356
52400 0.0523505 2.30343
52500 0.0524505 2.26792
52600 0.0525505 2.27745
52700 0.0526505 2.28164
52800 0.0527505 2.26172
52900 0.0528505 2.29035
53000 0.0529505 2.24542
53100 0.0530505 2.24129
53200 0.0531505 2.2803
53300 0.0532505 2.33136
53400 0.0533505 2.33548
53500 0.0534505 2.33534
53600 0.0535505 2.31611
53700 0.0536505 2.32572
53800 0.0537505 2.33246
53900 0.0538505 2.32013
54000 0.0539505 2.28423
54100 0.0540505 2.28401
54200 0.0541505 2.31632
54300 0.0542505 2.33764
54400 0.0543505 2.36402
54500 0.0544505 2.32524
54600 0.0545505 2.34396
54700 0.0546505 2.33276
54800 0.0547505 2.37136
54900 0.0548505 2.37587
55000 0.0549505 2.34569
55100 0.0550505 2.30251
55200 0.0551505 2.29303
55300 0.0552505 2.32698
55400 0.0553505 2.32651
55500 0.0554505 2.34361
55600 0.0555505 2.33104
55700 0.0556505 2.37133
55800 0.0557505 2.42863
55900 0.0558505 2.43793
56000 0.0559505 2.40657
56100 0.0560505 2.38891
56200 0.0561505 2.36544
56300 0.0562505 2.38365
56400 0.0563505 2.38074
56500 0.0564505 2.37337
56600 0.0565505 2.42226
56700 0.0566505 2.42584
56800 0.0567505 2.44102
56900 0.0568505 2.41995
57000 0.0569505 2.40203
57100 0.0570505 2.39859
57200 0.0571505 2.3962
57300 0.0572505 2.43806
57400 0.0573505 2.45172
57500 0.0574505 2.45547
57600 0.0575505 2.47343
57700 0.0576505 2.46677
57800 0.0577505 2.48549
57900 0.0578505 2.46646
58000 0.0579505 2.45573
58100 0.0580505 2.47942
58200 0.0581505 2.48459
58300 0.0582505 2.4964
58400 0.0583505 2.47797
58500 0.0584505 2.49097
58600 0.0585505 2.41772
58700 0.0586505 2.46992
58800 0.0587505 2.52251
58900 0.0588505 2.51729
59000 0.0589505 2.52298
59100 0.0590505 2.53212
59200 0.0591505 2.53269
59300 0.0592505 2.47095
59400 0.0593505 2.50068
59500 0.0594505 2.484
59600 0.0595505 2.48559
59700 0.0596505 2.52032
59800 0.0597505 2.50332
59900 0.0598505 2.52428
60000 0.0599505 2.52098
60100 0.0600505 2.5351
60200 0.0601505 2.52543
60300 0.0602505 2.51475
60400 0.0603505 2.51312
60500 0.0604505 2.52051
60600 0.0605505 2.55686
60700 0.0606505 2.52827
60800 0.0607505 2.5298
60900 0.0608505 2.5232
61000 0.0609505 2.57622
61100 0.0610505 2.57347
61200 0.0611505 2.56834
61300 0.0612505 2.58418
61400 0.0613505 2.59623
61500 0.0614505 2.63134
61600 0.0615505 2.63877
61700 0.0616505 2.57262
61800 0.0617505 2.57035
61900 0.0618505 2.5868
62000 0.0619505 2.59708
62100 0.0620505 2.6213
62200 0.0621505 2.61126
62300 0.0622505 2.61045
62400 0.0623505 2.62079
62500 0.0624505 2.6372
62600 0.0625505 2.65926
62700 0.0626505 2.65734
62800 0.0627505 2.65058
62900 0.0628505 2.63596
63000 0.0629505 2.68011
63100 0.0630505 2.63248
63200 0.0631505 2.6254
63300 0.0632505 2.61302
63400 0.0633505 2.6135
63500 0.0634505 2.6341
63600 0.0635505 2.6847
63700 0.0636505 2.68129
63800 0.0637505 2.67924
63900 0.0638505 2.69848
64000 0.0639505 2.6928
64100 0.0640505 2.66587
64200 0.0641505 2.67942
64300 0.0642505 2.65298
64400 0.0643505 2.67379
64500 0.0644505 2.66459
64600 0.0645505 2.6986
64700 0.0646505 2.70621
64800 0.0647505 2.70992
64900 0.0648505 2.70976
65000 0.0649505 2.71474
65100 0.0650505 2.73269
65200 0.0651505 2.75198
65300 0.0652505 2.75388
65400 0.0653505 2.71929
65500 0.0654505 2.7606
65600 0.0655505 2.71688
65700 0.0656505 2.75551
65800 0.0657505 2.71337
65900 0.0658505 2.72704
66000 0.0659505 2.78229
66100 0.0660505 2.76686
66200 0.0661505 2.72662
66300 0.0662505 2.73312
66400 0.0663505 2.75516
66500 0.0664505 2.78368
66600 0.0665505 2.78595
66700 0.0666505 2.75288
66800 0.0667505 2.79021
66900 0.0668505 2.80942
67000 0.0669505 2.77489
67100 0.0670505 2.81247
67200 0.0671505 2.75102
67300 0.0672505 2.77156
67400 0.0673505 2.78657
67500 0.0674505 2.79202
67600 0.0675505 2.80769
67700 0.0676505 2.81902
67800 0.0677505 2.78956
67900 0.0678505 2.83265
68000 0.0679505 2.84303
68100 0.0680505 2.8198
68200 0.0681505 2.82179
68300 0.0682505 2.85106
68400 0.0683505 2.86987
68500 0.0684505 2.85692
68600 0.0685505 2.8641
68700 0.0686505 2.85422
68800 0.0687505 2.86394
68900 0.0688505 2.90281
69000 0.0689505 2.90795
69100 0.0690505 2.87506
69200 0.0691505 2.88163
69300 0.0692505 2.86732
69400 0.0693505 2.86462
69500 0.0694505 2.88063
69600 0.0695505 2.8873
69700 0.0696505 2.88844
69800 0.0697505 2.91661
69900 0.0698505 2.9652
70000 0.0699505 2.95076
70100 0.0700505 2.93102
70200 0.0701505 2.93937
70300 0.0702505 2.89605
70400 0.0703505 2.91922
70500 0.0704505 2.8842
70600 0.0705505 2.89854
70700 0.0706505 2.92233
70800 0.0707505 2.94768
70900 0.0708505 2.9808
71000 0.0709505 3.02248
71100 0.0710505 2.99965
71200 0.0711505 2.98614
71300 0.0712505 2.97293
71400 0.0713505 2.94341
71500 0.0714505 2.94544
71600 0.0715505 2.93392
71700 0.0716505 2.95772
71800 0.0717505 2.96113
71900 0.0718505 2.96834
72000 0.0719505 3.00747
72100 0.0720505 3.00594
72200 0.0721505 3.03706
72300 0.0722505 3.03438
72400 0.0723505 3.01381
72500 0.0724505 3.04369
72600 0.0725505 3.0125
72700 0.0726505 3.05179
72800 0.0727505 2.99175
72900 0.0728505 2.98099
73000 0.0729505 2.98208
73100 0.0730505 3.03448
73200 0.0731505 3.05273
73300 0.0732505 3.07842
73400 0.0733505 3.07085
73500 0.0734505 3.04588
73600 0.0735505 3.09595
73700 0.0736505 3.08799
73800 0.0737505 3.06575
73900 0.0738505 3.04734
74000 0.0739505 3.04188
74100 0.0740505 3.05222
74200 0.0741505 3.06258
74300 0.0742505 3.0751
74400 0.0743505 3.13806
74500 0.0744505 3.13367
74600 0.0745505 3.13343
74700 0.0746505 3.12254
74800 0.0747505 3.12247
74900 0.0748505 3.09674
75000 0.0749505 3.09668
75100 0.0750505 3.08371
75200 0.0751505 3.11473
75300 0.0752505 3.12911
75400 0.0753505 3.15414
75500 0.0754505 3.19578
75600 0.0755505 3.17819
75700 0.0756505 3.19804
75800 0.0757505 3.15766
75900 0.0758505 3.15841
76000 0.0759505 3.169
76100 0.0760505 3.17564
76200 0.0761505 3.14737
76300 0.0762505 3.14017
76400 0.0763505 3.1638
76500 0.0764505 3.1555
76600 0.0765505 3.15924
76700 0.0766505 3.18754
76800 0.0767505 3.22534
76900 0.0768505 3.21401
77000 0.0769505 3.20583
77100 0.0770505 3.18074
77200 0.0771505 3.17686
77300 0.0772505 3.14592
77400 0.0773505 3.14869
77500 0.0774505 3.18672
77600 0.0775505 3.18572
77700 0.0776505 3.21373
77800 0.0777505 3.24952
77900 0.0778505 3.24616
78000 0.0779505 3.25049
78100 0.0780505 3.21172
78200 0.0781505 3.19638
78300 0.0782505 3.2067
78400 0.0783505 3.23514
78500 0.0784505 3.17038
78600 0.0785505 3.21286
78700 0.0786505 3.23595
78800 0.0787505 3.2717
78900 0.0788505 3.31269
79000 0.0789505 3.27858
79100 0.0790505 3.29444
79200 0.0791505 3.3298
79300 0.0792505 3.29515
79400 0.0793505 3.2513
79500 0.0794505 3.24836
79600 0.0795505 3.24106
79700 0.0796505 3.2398
79800 0.0797505 3.27314
79900 0.0798505 3.26871
80000 0.0799505 3.28381
80100 0.0800505 3.35367
80200 0.0801505 3.31265
80300 0.0802505 3.3232
80400 0.0803505 3.33973
80500 0.0804505 3.2838
80600 0.0805505 3.27951
80700 0.0806505 3.25663
80800 0.0807505 3.27386
80900 0.0808505 3.26234
81000 0.0809505 3.32284
81100 0.0810505 3.32182
81200 0.0811505 3.34807
81300 0.0812505 3.36627
81400 0.0813505 3.40145
81500 0.0814505 3.37117
81600 0.0815505 3.36686
81700 0.0816505 3.32768
81800 0.0817505 3.31444
81900 0.0818505 3.30093
82000 0.0819505 3.31147
82100 0.0820505 3.40395
82200 0.0821505 3.37626
82300 0.0822505 3.40588
82400 0.0823505 3.43037
82500 0.0824505 3.44583
82600 0.0825505 3.43256
82700 0.0826505 3.43878
82800 0.0827505 3.35269
82900 0.0828505 3.38478
83000 0.0829505 3.39397
83100 0.0830505 3.36223
83200 0.0831505 3.37933
83300 0.0832505 3.39056
83400 0.0833505 3.43418
83500 0.0834505 3.47989
83600 0.0835505 3.50864
83700 0.0836505 3.44274
83800 0.0837505 3.4564
83900 0.0838505 3.4066
84000 0.0839505 3.37691
84100 0.0840505 3.39229
84200 0.0841505 3.37735
84300 0.0842505 3.39388
84400 0.0843505 3.48097
84500 0.0844505 3.53715
84600 0.0845505 3.50925
84700 0.0846505 3.49393
84800 0.0847505 3.50348
84900 0.0848505 3.47101
85000 0.0849505 3.5074
85100 0.0850505 3.43015
85200 0.0851505 3.39233
85300 0.0852505 3.44997
85400 0.0853505 3.44993
85500 0.0854505 3.52184
85600 0.0855505 3.56988
85700 0.0856505 3.50419
85800 0.0857505 3.55147
85900 0.0858505 3.57368
86000 0.0859505 3.5928
86100 0.0860505 3.50894
86200 0.0861505 3.51711
86300 0.0862505 3.49846
86400 0.0863505 3.48436
86500 0.0864505 3.48017
86600 0.0865505 3.5359
86700 0.0866505 3.51997
86800 0.0867505 3.5981
86900 0.0868505 3.61202
87000 0.0869505 3.5807
87100 0.0870505 3.54783
87200 0.0871505 3.56152
87300 0.0872505 3.53966
87400 0.0873505 3.49605
87500 0.0874505 3.48635
87600 0.0875505 3.48707
87700 0.0876505 3.54468
87800 0.0877505 3.59583
87900 0.0878505 3.59101
88000 0.0879505 3.59661
88100 0.0880505 3.64927
88200 0.0881505 3.58831
88300 0.0882505 3.61552
88400 0.0883505 3.59064
88500 0.0884505 3.56138
88600 0.0885505 3.58601
88700 0.0886505 3.59734
88800 0.0887505 3.56545
88900 0.0888505 3.58751
89000 0.0889505 3.60364
89100 0.0890505 3.6817
89200 0.0891505 3.70901
89300 0.0892505 3.71228
89400 0.0893505 3.68012
89500 0.0894505 3.64679
89600 0.0895505 3.65705
89700 0.0896505 3.60554
89800 0.0897505 3.58736
89900 0.0898505 3.57017
90000 0.0899505 3.62643
90100 0.0900505 3.71419
90200 0.0901505 3.70658
90300 0.0902505 3.71689
90400 0.0903505 3.72507
90500 0.0904505 3.71862
90600 0.0905505 3.74835
90700 0.0906505 3.65349
90800 0.0907505 3.59629
90900 0.0908505 3.59121
91000 0.0909505 3.60724
91100 0.0910505 3.67725
91200 0.0911505 3.72143
91300 0.0912505 3.68113
91400 0.0913505 3.75607
91500 0.0914505 3.82299
91600 0.0915505 3.81354
91700 0.0916505 3.80852
91800 0.0917505 3.7716
91900 0.0918505 3.6817
92000 0.0919505 3.68001
92100 0.0920505 3.68392
92200 0.0921505 3.68941
92300 0.0922505 3.70477
92400 0.0923505 3.74974
92500 0.0924505 3.83293
92600 0.0925505 3.89755
92700 0.0926505 3.84996
92800 0.0927505 3.79983
92900 0.0928505 3.79618
93000 0.0929505 3.75842
93100 0.0930505 3.73925
93200 0.0931505 3.70449
93300 0.0932505 3.70468
93400 0.0933505 3.75195
93500 0.0934505 3.78595
93600 0.0935505 3.81192
93700 0.0936505 3.83624
93800 0.0937505 3.87735
93900 0.0938505 3.8183
94000 0.0939505 3.82262
94100 0.0940505 3.83922
94200 0.0941505 3.79091
94300 0.0942505 3.78382
94400 0.0943505 3.76357
94500 0.0944505 3.78523
94600 0.0945505 3.82414
94700 0.0946505 3.87772
94800 0.0947505 3.88883
94900 0.0948505 3.90454
95000 0.0949505 3.93537
95100 0.0950505 3.91821
95200 0.0951505 3.88353
95300 0.0952505 3.82302
95400 0.0953505 3.82163
95500 0.0954505 3.86812
95600 0.0955505 3.8669
95700 0.0956505 3.83542
95800 0.0957505 3.90456
95900 0.0958505 3.88976
96000 0.0959505 3.93126
96100 0.0960505 3.89616
96200 0.0961505 3.91067
96300 0.0962505 3.93321
96400 0.0963505 3.87307
96500 0.0964505 3.89526
96600 0.0965505 3.89115
96700 0.0966505 3.87402
96800 0.0967505 3.90489
96900 0.0968505 3.9112
97000 0.0969505 3.94681
97100 0.0970505 3.93985
97200 0.0971505 3.97784
97300 0.0972505 3.93677
97400 0.0973505 3.96212
97500 0.0974505 3.92344
97600 0.0975505 3.94539
97700 0.0976505 3.91688
97800 0.0977505 3.91087
97900 0.0978505 3.91475
98000 0.0979505 3.95457
98100 0.0980505 3.99976
98200 0.0981505 3.98745
98300 0.0982505 3.99724
98400 0.0983505 4.02408
98500 0.0984505 4.0578
98600 0.0985505 4.01791
98700 0.0986505 3.98422
98800 0.0987505 4.0067
98900 0.0988505 3.9521
99000 0.0989505 3.95547
99100 0.0990505 4.01111
99200 0.0991505 3.97124
99300 0.0992505 4.08331
99400 0.0993505 4.10006
99500 0.0994505 4.0638
99600 0.0995505 4.08496
99700 0.0996505 4.08315
99800 0.0997505 4.01829
99900 0.0998505 4.04695
100000 0.0999505 4.0403
100100 0.100051 4.01614
100200 0.100151 4.03436
100300 0.100251 4.03011
100400 0.100351 4.05899
100500 0.100451 4.10334
100600 0.100551 4.1117
100700 0.100651 4.13348
100800 0.100751 4.08803
100900 0.10085 4.10065
101000 0.100951 4.05075
101100 0.101051 4.06508
101200 0.101151 4.05557
101300 0.101251 4.01503
101400 0.101351 4.05031
101500 0.101451 4.14506
101600 0.101551 4.18334
101700 0.101651 4.18313
101800 0.10175 4.19105
101900 0.101851 4.13027
102000 0.10195 4.19155
102100 0.102051 4.12358
102200 0.102151 4.07351
102300 0.102251 4.09469
102400 0.102351 4.1083
102500 0.102451 4.12618
102600 0.102551 4.14565
102700 0.102651 4.19467
102800 0.102751 4.21287
102900 0.102851 4.24023
103000 0.102951 4.2247
103100 0.10305 4.2155
103200 0.103151 4.1895
103300 0.103251 4.1932
103400 0.103351 4.1919
103500 0.103451 4.15751
103600 0.103551 4.15519
103700 0.103651 4.15907
103800 0.103751 4.20437
103900 0.103851 4.22318
104000 0.103951 4.2496
104100 0.104051 4.29919
104200 0.104151 4.26451
104300 0.104251 4.24561
104400 0.10435 4.21095
104500 0.10445 4.16255
104600 0.104551 4.13027
104700 0.104651 4.16482
104800 0.104751 4.24166
104900 0.104851 4.26121
105000 0.104951 4.28446
105100 0.105051 4.31269
105200 0.105151 4.37238
105300 0.105251 4.35032
105400 0.105351 4.33427
105500 0.105451 4.25673
105600 0.105551 4.21878
105700 0.105651 4.1821
105800 0.105751 4.18116
105900 0.105851 4.19174
106000 0.105951 4.24579
106100 0.10605 4.2728
106200 0.106151 4.35843
106300 0.106251 4.38332
106400 0.106351 4.38022
106500 0.106451 4.36688
106600 0.106551 4.35205
106700 0.106651 4.33875
106800 0.106751 4.28297
106900 0.106851 4.23448
107000 0.106951 4.21964
107100 0.10705 4.24379
107200 0.10715 4.30577
107300 0.107251 4.35924
107400 0.107351 4.40894
107500 0.107451 4.43485
107600 0.107551 4.39824
107700 0.107651 4.45029
107800 0.10775 4.35275
107900 0.107851 4.38283
108000 0.107951 4.35116
108100 0.108051 4.354
108200 0.108151 4.29517
108300 0.108251 4.29758
108400 0.108351 4.32953
108500 0.108451 4.38771
108600 0.108551 4.47284
108700 0.10865 4.48737
108800 0.108751 4.48993
108900 0.108851 4.43786
109000 0.108951 4.41885
109100 0.109051 4.37613
109200 0.109151 4.37721
109300 0.109251 4.36852
109400 0.109351 4.37203
109500 0.109451 4.39361
109600 0.109551 4.43065
109700 0.10965 4.46267
109800 0.109751 4.50402
109900 0.109851 4.5323
110000 0.109951 4.4912
110100 0.110051 4.47583
110200 0.110151 4.41681
110300 0.110251 4.38806
110400 0.110351 4.39134
110500 0.110451 4.39032
110600 0.110551 4.40185
110700 0.110651 4.4295
110800 0.11075 4.49715
110900 0.110851 4.54298
111000 0.110951 4.51711
111100 0.111051 4.51142
111200 0.111151 4.51329
111300 0.111251 4.5024
111400 0.11135 4.45346
111500 0.111451 4.40691
111600 0.111551 4.41648
111700 0.111651 4.4655
111800 0.111751 4.50385
111900 0.111851 4.49642
112000 0.111951 4.49179
112100 0.112051 4.52192
112200 0.112151 4.59744
112300 0.112251 4.57235
112400 0.112351 4.54879
112500 0.112451 4.52912
112600 0.112551 4.49459
112700 0.112651 4.48726
112800 0.112751 4.49642
112900 0.11285 4.5346
113000 0.11295 4.54315
113100 0.113051 4.60579
113200 0.113151 4.5704
113300 0.113251 4.59571
113400 0.113351 4.63479
113500 0.113451 4.59274
113600 0.113551 4.56281
113700 0.113651 4.53857
113800 0.113751 4.52964
113900 0.113851 4.5533
114000 0.113951 4.551
114100 0.114051 4.54572
114200 0.114151 4.55114
114300 0.114251 4.61996
114400 0.114351 4.62659
114500 0.114451 4.63657
114600 0.114551 4.67597
114700 0.114651 4.66493
114800 0.11475 4.60055
114900 0.114851 4.57475
115000 0.114951 4.54951
115100 0.115051 4.56561
115200 0.115151 4.57227
115300 0.115251 4.67151
115400 0.115351 4.65131
115500 0.115451 4.6739
115600 0.115551 4.74088
115700 0.115651 4.71767
115800 0.115751 4.65016
115900 0.115851 4.58914
116000 0.115951 4.61835
116100 0.116051 4.62209
116200 0.116151 4.62625
116300 0.116251 4.60318
116400 0.116351 4.65138
116500 0.116451 4.70895
116600 0.116551 4.77764
116700 0.116651 4.7314
116800 0.116751 4.74207
116900 0.116851 4.69783
117000 0.116951 4.68671
117100 0.117051 4.70855
117200 0.117151 4.67942
117300 0.117251 4.67321
117400 0.11735 4.62928
117500 0.117451 4.66204
117600 0.117551 4.70178
117700 0.117651 4.80003
117800 0.117751 4.82231
117900 0.117851 4.79102
118000 0.117951 4.84495
118100 0.118051 4.73825
118200 0.11815 4.73096
118300 0.118251 4.70085
118400 0.118351 4.74713
118500 0.118451 4.76309
118600 0.118551 4.79515
118700 0.118651 4.72211
118800 0.118751 4.78993
118900 0.118851 4.84412
119000 0.118951 4.86852
119100 0.119051 4.84351
119200 0.119151 4.80237
119300 0.119251 4.77919
119400 0.119351 4.78746
119500 0.119451 4.80139
119600 0.119551 4.80954
119700 0.119651 4.80613
119800 0.11975 4.83261
119900 0.11985 4.83769
120000 0.119951 4.82603
120100 0.120051 4.85714
120200 0.120151 4.87051
120300 0.120251 4.82581
120400 0.120351 4.82019
120500 0.120451 4.7624
120600 0.120551 4.8319
120700 0.120651 4.82971
120800 0.120751 4.85985
120900 0.120851 4.88099
121000 0.120951 4.84883
121100 0.121051 4.89096
121200 0.121151 4.84507
121300 0.121251 4.87618
121400 0.121351 4.84389
121500 0.121451 4.86248
121600 0.121551 4.85758
121700 0.121651 4.84493
121800 0.121751 4.87173
121900 0.121851 4.88176
122000 0.121951 4.89805
122100 0.122051 4.88556
122200 0.122151 4.86389
122300 0.122251 4.8913
122400 0.122351 4.88597
122500 0.12245 4.94216
122600 0.122551 4.94829
122700 0.122651 4.9376
122800 0.122751 4.89666
122900 0.122851 4.89207
123000 0.122951 4.93663
123100 0.123051 4.92415
123200 0.123151 4.92015
123300 0.123251 4.89834
123400 0.123351 4.95954
123500 0.123451 4.95439
123600 0.123551 4.94976
123700 0.123651 4.96984
123800 0.123751 4.94957
123900 0.123851 4.98665
124000 0.123951 4.91711
124100 0.124051 4.89201
124200 0.124151 4.95461
124300 0.124251 4.95318
124400 0.124351 4.99435
124500 0.124451 5.03434
124600 0.124551 5.02297
124700 0.124651 5.00876
124800 0.124751 5.01705
124900 0.124851 4.94931
125000 0.124951 4.94263
125100 0.125051 4.93966
125200 0.125151 4.99583
125300 0.125251 5.01764
125400 0.125351 4.9917
125500 0.125451 5.03221
125600 0.125551 5.02233
125700 0.125651 5.01156
125800 0.125751 5.05351
125900 0.125851 5.05632
126000 0.125951 5.01939
126100 0.126051 5.03035
126200 0.126151 5.06026
126300 0.126251 5.07799
126400 0.126351 5.07172
126500 0.126451 5.06796
126600 0.126551 5.12656
126700 0.126651 5.1118
126800 0.126751 5.12749
126900 0.126851 5.11328
127000 0.126951 5.03808
127100 0.127051 5.05022
127200 0.127151 5.05627
127300 0.127251 5.06695
127400 0.127351 5.06359
127500 0.127451 5.13663
127600 0.127551 5.14024
127700 0.127651 5.15152
127800 0.127751 5.10162
127900 0.127851 5.07803
128000 0.127951 5.13644
128100 0.128051 5.10231
128200 0.128151 5.12407
128300 0.128251 5.133
128400 0.128351 5.12637
128500 0.128451 5.09614
128600 0.128551 5.11571
128700 0.128651 5.1421
128800 0.128751 5.14128
128900 0.128851 5.13391
129000 0.128951 5.18762
129100 0.129051 5.1818
129200 0.129151 5.1715
129300 0.129251 5.14742
129400 0.129351 5.16283
129500 0.129451 5.15539
129600 0.129551 5.13157
129700 0.129651 5.15892
129800 0.129751 5.22551
129900 0.129851 5.18778
130000 0.129951 5.18456
130100 0.130051 5.25059
130200 0.130151 5.2995
130300 0.13025 5.25724
130400 0.130351 5.23932
130500 0.130451 5.15937
130600 0.130551 5.14597
130700 0.130651 5.17469
130800 0.130751 5.17994
130900 0.130851 5.20783
131000 0.130951 5.24748
131100 0.131051 5.29771
131200 0.131151 5.27667
131300 0.131251 5.27053
131400 0.131351 5.28345
131500 0.131451 5.24004
131600 0.131551 5.19245
131700 0.131651 5.21147
131800 0.131751 5.20886
131900 0.131851 5.18057
132000 0.131951 5.1506
132100 0.132051 5.26303
132200 0.132151 5.31671
132300 0.132251 5.35235
132400 0.132351 5.35416
132500 0.132451 5.36312
132600 0.132551 5.32914
132700 0.132651 5.31286
132800 0.132751 5.31007
132900 0.132851 5.25586
133000 0.132951 5.23407
133100 0.133051 5.26509
133200 0.133151 5.30964
133300 0.133251 5.27522
133400 0.133351 5.29662
133500 0.133451 5.32409
133600 0.133551 5.34661
133700 0.133651 5.40223
133800 0.133751 5.40768
133900 0.133851 5.37357
134000 0.133951 5.31867
134100 0.134051 5.31831
134200 0.134151 5.32649
134300 0.134251 5.32095
134400 0.134351 5.33984
134500 0.134451 5.34512
134600 0.134551 5.40063
134700 0.134651 5.37751
134800 0.134751 5.43442
134900 0.134851 5.40495
135000 0.134951 5.34766
135100 0.135051 5.38651
135200 0.135151 5.3316
135300 0.135251 5.37808
135400 0.135351 5.41492
135500 0.135451 5.38719
135600 0.135551 5.39684
135700 0.135651 5.4217
135800 0.135751 5.42864
135900 0.135851 5.46894
136000 0.135951 5.53784
136100 0.136051 5.52345
136200 0.136151 5.52405
136300 0.136251 5.50886
136400 0.136351 5.45353
136500 0.136451 5.40617
136600 0.136551 5.41762
136700 0.136651 5.43973
136800 0.136751 5.45317
136900 0.136851 5.48128
137000 0.136951 5.53031
137100 0.137051 5.51333
137200 0.137151 5.5926
137300 0.137251 5.55819
137400 0.137351 5.50444
137500 0.137451 5.43809
137600 0.137551 5.46895
137700 0.137651 5.44039
137800 0.137751 5.4103
137900 0.13785 5.44151
138000 0.137951 5.4972
138100 0.138051 5.54538
138200 0.138151 5.54243
138300 0.138251 5.57321
138400 0.138351 5.54194
138500 0.138451 5.51866
138600 0.138551 5.49824
138700 0.138651 5.49983
138800 0.13875 5.46654
138900 0.138851 5.52531
139000 0.138951 5.54413
139100 0.139051 5.51815
139200 0.139151 5.5944
139300 0.139251 5.57782
139400 0.139351 5.59718
139500 0.139451 5.59317
139600 0.139551 5.57499
139700 0.139651 5.57137
139800 0.139751 5.58253
139900 0.139851 5.55205
140000 0.139951 5.52467
140100 0.140051 5.49998
140200 0.140151 5.53516
140300 0.140251 5.53165
140400 0.140351 5.57392
140500 0.140451 5.60721
140600 0.140551 5.60515
140700 0.140651 5.6296
140800 0.140751 5.64406
140900 0.140851 5.65404
141000 0.140951 5.59613
141100 0.141051 5.61214
141200 0.141151 5.58326
141300 0.141251 5.56579
141400 0.141351 5.54344
141500 0.141451 5.57072
141600 0.141551 5.60291
141700 0.141651 5.66056
141800 0.141751 5.72622
141900 0.141851 5.69008
142000 0.141951 5.66708
142100 0.142051 5.62465
142200 0.142151 5.61732
142300 0.142251 5.63499
142400 0.142351 5.69504
142500 0.142451 5.66782
142600 0.142551 5.68164
142700 0.142651 5.59966
142800 0.142751 5.69754
142900 0.142851 5.71086
143000 0.142951 5.75798
143100 0.143051 5.78336
143200 0.143151 5.72246
143300 0.143251 5.71074
143400 0.143351 5.59637
143500 0.143451 5.61196
143600 0.143551 5.64006
143700 0.143651 5.69672
143800 0.143751 5.68812
143900 0.143851 5.76619
144000 0.143951 5.77905
144100 0.144051 5.75653
144200 0.144151 5.76083
144300 0.144251 5.75346
144400 0.144351 5.74263
144500 0.144451 5.71012
144600 0.144551 5.63913
144700 0.144651 5.67943
144800 0.144751 5.69932
144900 0.144851 5.73971
145000 0.144951 5.74843
145100 0.145051 5.75574
145200 0.145151 5.79439
145300 0.145251 5.78184
145400 0.145351 5.79301
145500 0.145451 5.81331
145600 0.145551 5.78307
145700 0.145651 5.76415
145800 0.145751 5.70618
145900 0.14585 5.68558
146000 0.145951 5.66338
146100 0.146051 5.73735
146200 0.146151 5.77992
146300 0.146251 5.82721
146400 0.146351 5.85621
146500 0.146451 5.85287
146600 0.146551 5.87436
146700 0.146651 5.80461
146800 0.146751 5.78604
146900 0.146851 5.77616
147000 0.146951 5.78941
147100 0.147051 5.77579
147200 0.147151 5.77788
147300 0.147251 5.791
147400 0.147351 5.81762
147500 0.147451 5.84196
147600 0.147551 5.88343
147700 0.147651 5.8998
147800 0.147751 5.90766
147900 0.147851 5.91118
148000 0.147951 5.84015
148100 0.148051 5.82013
148200 0.148151 5.84116
148300 0.148251 5.83008
148400 0.14835 5.8587
148500 0.148451 5.86502
148600 0.148551 5.86667
148700 0.148651 5.89254
148800 0.148751 5.90547
148900 0.148851 5.93767
149000 0.148951 5.94437
149100 0.149051 5.98365
149200 0.149151 5.92649
149300 0.149251 5.92462
149400 0.149351 5.9039
149500 0.149451 5.89778
149600 0.149551 5.90129
149700 0.14965 5.96781
149800 0.149751 5.97215
149900 0.149851 5.97869
150000 0.149951 5.97047
150100 0.150051 5.92279
150200 0.150151 5.91746
150300 0.150251 5.9082
150400 0.150351 5.87705
150500 0.150451 5.90543
150600 0.150551 5.95719
150700 0.150651 5.95685
150800 0.150751 6.00693
150900 0.150851 6.01016
151000 0.150951 6.02923
151100 0.151051 5.9604
151200 0.15115 6.01754
151300 0.151251 6.03043
151400 0.151351 6.03512
151500 0.151451 6.02877
151600 0.151551 5.98448
151700 0.151651 5.94679
151800 0.151751 5.88443
151900 0.151851 5.90986
152000 0.151951 5.89988
152100 0.152051 5.95816
152200 0.152151 6.068
152300 0.152251 6.07367
152400 0.152351 6.11036
152500 0.152451 6.10783
152600 0.152551 6.13619
152700 0.15265 6.06358
152800 0.152751 6.02008
152900 0.152851 5.98035
153000 0.152951 5.98344
153100 0.153051 6.03397
153200 0.153151 6.03937
153300 0.153251 6.03132
153400 0.153351 6.07613
153500 0.153451 6.09701
153600 0.153551 6.11658
153700 0.153651 6.11011
153800 0.153751 6.11293
153900 0.153851 6.05925
154000 0.153951 6.05419
154100 0.154051 6.05235
154200 0.154151 6.01441
154300 0.154251 6.01065
154400 0.154351 6.00726
154500 0.154451 6.0966
154600 0.154551 6.10329
154700 0.154651 6.07881
154800 0.154751 6.10948
154900 0.154851 6.11412
155000 0.154951 6.10068
155100 0.155051 6.08837
155200 0.15515 6.05816
155300 0.155251 6.06746
155400 0.155351 6.08111
155500 0.155451 6.04692
155600 0.155551 6.09675
155700 0.155651 6.09772
155800 0.155751 6.1226
155900 0.155851 6.12129
156000 0.155951 6.10538
156100 0.156051 6.10095
156200 0.156151 6.15532
156300 0.156251 6.18807
156400 0.156351 6.15441
156500 0.156451 6.16419
156600 0.156551 6.17146
156700 0.156651 6.16458
156800 0.156751 6.13863
156900 0.156851 6.0606
157000 0.156951 6.1126
157100 0.157051 6.16554
157200 0.157151 6.13467
157300 0.157251 6.09895
157400 0.157351 6.14421
157500 0.157451 6.14264
157600 0.157551 6.13285
157700 0.157651 6.16615
157800 0.157751 6.18484
157900 0.157851 6.17083
158000 0.157951 6.18196
158100 0.158051 6.1367
158200 0.158151 6.1153
158300 0.158251 6.16537
158400 0.158351 6.19332
158500 0.158451 6.13782
158600 0.158551 6.13293
158700 0.158651 6.11839
158800 0.158751 6.13629
158900 0.158851 6.16052
159000 0.158951 6.23331
159100 0.159051 6.28436
159200 0.159151 6.2689
159300 0.159251 6.26006
159400 0.159351 6.23858
159500 0.159451 6.2219
159600 0.159551 6.18452
159700 0.159651 6.20197
159800 0.159751 6.16629
159900 0.159851 6.20944
160000 0.159951 6.22149
160100 0.160051 6.25561
160200 0.160151 6.21965
160300 0.160251 6.23193
160400 0.160351 6.26788
160500 0.16045 6.2578
160600 0.160551 6.2721
160700 0.160651 6.24118
160800 0.160751 6.27297
160900 0.160851 6.25781
161000 0.160951 6.24936
161100 0.161051 6.21349
161200 0.161151 6.2526
161300 0.161251 6.30157
161400 0.161351 6.29357
161500 0.161451 6.34361
161600 0.161551 6.26448
161700 0.161651 6.23036
161800 0.161751 6.25506
161900 0.161851 6.32231
162000 0.161951 6.28389
162100 0.162051 6.29962
162200 0.162151 6.27582
162300 0.16225 6.30497
162400 0.162351 6.35132
162500 0.162451 6.3056
162600 0.162551 6.3454
162700 0.162651 6.38968
162800 0.162751 6.35346
162900 0.162851 6.34144
163000 0.162951 6.34965
163100 0.163051 6.2992
163200 0.163151 6.32309
163300 0.163251 6.35606
163400 0.163351 6.4104
163500 0.163451 6.41904
163600 0.163551 6.4054
163700 0.163651 6.39159
163800 0.163751 6.39303
163900 0.163851 6.40328
164000 0.163951 6.30233
164100 0.164051 6.3487
164200 0.164151 6.36157
164300 0.164251 6.40329
164400 0.164351 6.45101
164500 0.16445 6.41683
164600 0.164551 6.4161
164700 0.164651 6.45477
164800 0.164751 6.44235
164900 0.164851 6.44018
165000 0.164951 6.42162
165100 0.165051 6.46891
165200 0.165151 6.39046
165300 0.165251 6.38686
165400 0.165351 6.4119
165500 0.165451 6.46111
165600 0.165551 6.49503
165700 0.165651 6.45935
165800 0.165751 6.49426
165900 0.165851 6.54124
166000 0.165951 6.58046
166100 0.166051 6.54459
166200 0.166151 6.55188
166300 0.166251 6.55252
166400 0.166351 6.58084
166500 0.166451 6.54201
166600 0.166551 6.45311
166700 0.166651 6.47293
166800 0.166751 6.52595
166900 0.166851 6.5168
167000 0.166951 6.56717
167100 0.167051 6.56395
167200 0.167151 6.55323
167300 0.167251 6.59573
167400 0.167351 6.50226
167500 0.167451 6.52897
167600 0.167551 6.5367
167700 0.167651 6.53508
167800 0.167751 6.52791
167900 0.167851 6.50151
168000 0.167951 6.61036
168100 0.168051 6.65194
168200 0.168151 6.63536
168300 0.16825 6.63787
168400 0.168351 6.59837
168500 0.168451 6.64056
168600 0.168551 6.56448
168700 0.168651 6.53931
168800 0.168751 6.49377
168900 0.168851 6.59533
169000 0.168951 6.6081
169100 0.169051 6.62367
169200 0.169151 6.62177
169300 0.169251 6.55772
169400 0.169351 6.58805
169500 0.169451 6.63693
169600 0.169551 6.64771
169700 0.169651 6.64274
169800 0.169751 6.64884
169900 0.169851 6.58168
170000 0.169951 6.52677
170100 0.170051 6.52581
170200 0.170151 6.55887
170300 0.170251 6.60051
170400 0.170351 6.64935
170500 0.170451 6.63003
170600 0.170551 6.65863
170700 0.170651 6.63174
170800 0.170751 6.57688
170900 0.17085 6.63628
171000 0.170951 6.66303
171100 0.171051 6.60612
171200 0.171151 6.62796
171300 0.171251 6.62742
171400 0.171351 6.60102
171500 0.171451 6.58565
171600 0.171551 6.58154
171700 0.171651 6.60894
171800 0.171751 6.66833
171900 0.171851 6.67996
172000 0.171951 6.73271
172100 0.172051 6.73314
172200 0.172151 6.68218
172300 0.172251 6.64048
172400 0.172351 6.61268
172500 0.172451 6.5931
172600 0.172551 6.62696
172700 0.172651 6.6354
172800 0.172751 6.58674
172900 0.172851 6.61106
173000 0.172951 6.66221
173100 0.173051 6.65034
173200 0.173151 6.69704
173300 0.173251 6.71471
173400 0.173351 6.6908
173500 0.173451 6.69281
173600 0.173551 6.67883
173700 0.173651 6.63852
173800 0.173751 6.61464
173900 0.173851 6.6276
174000 0.173951 6.70244
174100 0.174051 6.73754
174200 0.174151 6.745
174300 0.174251 6.71036
174400 0.174351 6.70604
174500 0.174451 6.73482
174600 0.174551 6.76541
174700 0.174651 6.76736
174800 0.174751 6.73565
174900 0.174851 6.65749
175000 0.174951 6.72731
175100 0.175051 6.75468
175200 0.175151 6.77785
175300 0.175251 6.75328
175400 0.17535 6.72288
175500 0.175451 6.71275
175600 0.175551 6.80845
175700 0.175651 6.82383
175800 0.175751 6.77998
175900 0.175851 6.77371
176000 0.175951 6.77911
176100 0.176051 6.8246
176200 0.176151 6.83378
176300 0.176251 6.86077
176400 0.176351 6.82882
176500 0.176451 6.81276
176600 0.176551 6.79267
176700 0.176651 6.75373
176800 0.176751 6.74437
176900 0.17685 6.74414
177000 0.176951 6.83737
177100 0.177051 6.85847
177200 0.177151 6.86617
177300 0.177251 6.90107
177400 0.177351 6.86935
177500 0.177451 6.8943
177600 0.177551 6.88925
177700 0.177651 6.83231
177800 0.177751 6.77518
177900 0.177851 6.82615
178000 0.177951 6.76693
178100 0.178051 6.84676
178200 0.178151 6.81764
178300 0.178251 6.81828
178400 0.178351 6.87174
178500 0.178451 6.90811
178600 0.178551 6.87695
178700 0.178651 6.89587
178800 0.178751 6.88633
178900 0.178851 6.88971
179000 0.178951 6.85953
179100 0.179051 6.82177
179200 0.179151 6.82558
179300 0.179251 6.84714
179400 0.179351 6.92339
179500 0.179451 6.9209
179600 0.179551 6.94843
179700 0.179651 6.87743
179800 0.179751 6.89565
179900 0.179851 6.92861
180000 0.179951 6.92228
180100 0.180051 6.83823
180200 0.180151 6.91709
180300 0.180251 7.00475
180400 0.180351 6.91751
180500 0.180451 6.97383
180600 0.180551 6.97507
180700 0.180651 6.95705
180800 0.180751 6.97763
180900 0.180851 6.92036
181000 0.180951 6.94999
181100 0.181051 6.95821
181200 0.181151 6.93908
181300 0.181251 6.96648
181400 0.181351 6.99956
181500 0.181451 6.98105
181600 0.181551 6.98345
181700 0.181651 6.98351
181800 0.181751 7.00426
181900 0.18185 7.00256
182000 0.181951 7.02315
182100 0.182051 7.02704
182200 0.182151 7.06607
182300 0.182251 7.07492
182400 0.182351 7.01226
182500 0.182451 6.99735
182600 0.182551 7.0238
182700 0.182651 6.91928
182800 0.182751 6.89073
182900 0.182851 6.96832
183000 0.182951 6.99872
183100 0.183051 6.98874
183200 0.183151 7.00879
183300 0.183251 7.09031
183400 0.183351 7.05865
183500 0.183451 7.01666
183600 0.183551 7.00047
183700 0.183651 6.99631
183800 0.183751 7.05048
183900 0.183851 7.09686
184000 0.183951 7.03467
184100 0.184051 7.04881
184200 0.184151 7.07242
184300 0.184251 7.03924
184400 0.184351 7.05693
184500 0.184451 6.99469
184600 0.184551 7.04112
184700 0.184651 7.07639
184800 0.184751 7.06033
184900 0.184851 7.02938
185000 0.184951 7.12648
185100 0.185051 7.14475
185200 0.185151 7.15357
185300 0.185251 7.09478
185400 0.185351 7.07272
185500 0.185451 7.00817
185600 0.185551 7.08868
185700 0.185651 7.105
185800 0.185751 7.11708
185900 0.185851 7.13546
186000 0.185951 7.11493
186100 0.186051 7.10404
186200 0.186151 7.05341
186300 0.186251 7.06877
186400 0.186351 7.08421
186500 0.186451 7.07315
186600 0.186551 7.08478
186700 0.186651 7.13457
186800 0.186751 7.12275
186900 0.186851 7.14062
187000 0.186951 7.11001
187100 0.187051 7.12739
187200 0.187151 7.11411
187300 0.18725 7.14491
187400 0.187351 7.17181
187500 0.187451 7.08851
187600 0.187551 7.10718
187700 0.187651 7.10404
187800 0.187751 7.13419
187900 0.187851 7.12068
188000 0.187951 7.184
188100 0.188051 7.21158
188200 0.188151 7.18434
188300 0.188251 7.18611
188400 0.188351 7.21638
188500 0.188451 7.21078
188600 0.188551 7.20697
188700 0.188651 7.23874
188800 0.188751 7.23034
188900 0.188851 7.26632
189000 0.188951 7.21218
189100 0.189051 7.18185
189200 0.189151 7.14043
189300 0.189251 7.14651
189400 0.189351 7.16734
189500 0.189451 7.17681
189600 0.189551 7.16379
189700 0.189651 7.14845
189800 0.189751 7.18105
189900 0.189851 7.18208
190000 0.189951 7.25611
190100 0.190051 7.24913
190200 0.190151 7.26878
190300 0.190251 7.17731
190400 0.190351 7.16911
190500 0.190451 7.16783
190600 0.190551 7.18327
190700 0.190651 7.19265
190800 0.190751 7.17337
190900 0.190851 7.19602
191000 0.190951 7.22987
191100 0.191051 7.27557
191200 0.191151 7.26165
191300 0.191251 7.20963
191400 0.191351 7.21981
191500 0.191451 7.29591
191600 0.191551 7.26389
191700 0.191651 7.28461
191800 0.191751 7.2988
191900 0.191851 7.35992
192000 0.191951 7.28665
192100 0.192051 7.34498
192200 0.192151 7.30185
192300 0.19225 7.28001
192400 0.192351 7.27346
192500 0.192451 7.25747
192600 0.192551 7.2286
192700 0.192651 7.22666
192800 0.192751 7.26509
192900 0.192851 7.28843
193000 0.192951 7.33206
193100 0.193051 7.33633
193200 0.193151 7.35082
193300 0.193251 7.3275
193400 0.193351 7.34551
193500 0.193451 7.33954
193600 0.193551 7.28866
193700 0.193651 7.26529
193800 0.193751 7.26532
193900 0.193851 7.24456
194000 0.193951 7.25222
194100 0.194051 7.23844
194200 0.194151 7.31003
194300 0.194251 7.3854
194400 0.194351 7.34154
194500 0.194451 7.36492
194600 0.194551 7.31478
194700 0.194651 7.27137
194800 0.194751 7.29091
194900 0.19485 7.35608
195000 0.194951 7.29351
195100 0.195051 7.43115
195200 0.195151 7.40454
195300 0.19525 7.3659
195400 0.195351 7.38535
195500 0.195451 7.36964
195600 0.195551 7.38014
195700 0.195651 7.36949
195800 0.195751 7.34676
195900 0.195851 7.35958
196000 0.195951 7.33977
196100 0.196051 7.38148
196200 0.196151 7.39362
196300 0.196251 7.3885
196400 0.196351 7.37296
196500 0.196451 7.33693
196600 0.196551 7.39031
196700 0.196651 7.37832
196800 0.196751 7.39414
196900 0.196851 7.38123
197000 0.196951 7.35976
197100 0.197051 7.34576
197200 0.197151 7.38979
197300 0.197251 7.36186
197400 0.197351 7.39432
197500 0.197451 7.42961
197600 0.197551 7.35822
197700 0.197651 7.3971
197800 0.197751 7.43612
197900 0.197851 7.4047
198000 0.197951 7.44256
198100 0.198051 7.45851
198200 0.198151 7.40397
198300 0.19825 7.39344
198400 0.198351 7.41874
198500 0.198451 7.41595
198600 0.198551 7.44621
198700 0.198651 7.4104
198800 0.198751 7.4168
198900 0.198851 7.46
199000 0.198951 7.48495
199100 0.199051 7.51345
199200 0.199151 7.43928
199300 0.199251 7.41612
199400 0.199351 7.51153
199500 0.199451 7.46868
199600 0.199551 7.39137
199700 0.199651 7.43616
199800 0.199751 7.43888
199900 0.199851 7.41578
200000 0.199951 7.47347
