# Time-averaged data for fix 3
# TimeStep v_strain v_stress_GPa
100 2.525e-05 0.243834
200 7.525e-05 0.256836
300 0.00012525 0.264787
400 0.00017525 0.276918
500 0.00022525 0.251081
600 0.00027525 0.26164
700 0.00032525 0.24002
800 0.00037525 0.220415
900 0.00042525 0.198095
1000 0.00047525 0.194859
1100 0.00052525 0.16523
1200 0.00057525 0.16377
1300 0.00062525 0.152476
1400 0.00067525 0.147557
1500 0.00072525 0.14204
1600 0.00077525 0.145105
1700 0.00082525 0.165238
1800 0.00087525 0.175995
1900 0.00092525 0.196992
2000 0.00097525 0.204724
2100 0.00102525 0.24406
2200 0.00107525 0.265786
2300 0.00112525 0.278804
2400 0.00117525 0.285705
2500 0.00122525 0.287614
2600 0.00127525 0.288875
2700 0.00132525 0.29831
2800 0.00137525 0.286708
2900 0.00142525 0.26766
3000 0.00147525 0.257085
3100 0.00152525 0.24911
3200 0.00157525 0.224253
3300 0.00162525 0.212366
3400 0.00167525 0.192086
3500 0.00172525 0.186122
3600 0.00177525 0.174809
3700 0.00182525 0.168136
3800 0.00187525 0.201638
3900 0.00192525 0.21355
4000 0.00197525 0.219478
4100 0.00202525 0.245459
4200 0.00207525 0.253606
4300 0.00212525 0.283772
4400 0.00217525 0.307123
4500 0.00222525 0.323605
4600 0.00227525 0.327599
4700 0.00232525 0.325582
4800 0.00237525 0.332308
4900 0.00242525 0.343151
5000 0.00247525 0.327019
5100 0.00252525 0.315553
5200 0.00257525 0.290007
5300 0.00262525 0.267415
5400 0.00267525 0.245253
5500 0.00272525 0.245174
5600 0.00277525 0.250509
5700 0.00282525 0.246479
5800 0.00287525 0.223611
5900 0.00292525 0.225595
6000 0.00297525 0.226928
6100 0.00302525 0.248095
6200 0.00307525 0.269379
6300 0.00312525 0.287378
6400 0.00317525 0.302471
6500 0.00322525 0.336754
6600 0.00327525 0.347092
6700 0.00332525 0.371233
6800 0.00337525 0.383822
6900 0.00342525 0.381254
7000 0.00347525 0.358519
7100 0.00352525 0.354702
7200 0.00357525 0.354713
7300 0.00362525 0.339448
7400 0.00367525 0.334112
7500 0.00372525 0.326192
7600 0.00377525 0.282054
7700 0.00382525 0.280045
7800 0.00387525 0.267308
7900 0.00392525 0.273379
8000 0.00397525 0.271437
8100 0.00402525 0.282502
8200 0.00407525 0.272203
8300 0.00412525 0.298123
8400 0.00417525 0.323095
8500 0.00422525 0.364604
8600 0.00427525 0.363794
8700 0.00432525 0.376886
8800 0.00437525 0.386287
8900 0.00442525 0.394162
9000 0.00447525 0.416926
9100 0.00452525 0.418681
9200 0.00457525 0.413769
9300 0.00462525 0.407816
9400 0.00467525 0.397719
9500 0.00472525 0.386369
9600 0.00477525 0.368389
9700 0.00482525 0.354365
9800 0.00487525 0.319502
9900 0.00492525 0.315238
10000 0.00497525 0.313272
10100 0.00502525 0.325831
10200 0.00507525 0.31773
10300 0.00512525 0.323957
10400 0.00517525 0.340081
10500 0.00522525 0.336804
10600 0.00527525 0.35888
10700 0.00532525 0.38241
10800 0.00537525 0.404671
10900 0.00542525 0.418342
11000 0.00547525 0.43965
11100 0.00552525 0.441216
11200 0.00557525 0.459956
11300 0.00562525 0.476473
11400 0.00567525 0.451691
11500 0.00572525 0.435069
11600 0.00577525 0.414
11700 0.00582525 0.410213
11800 0.00587525 0.404292
11900 0.00592525 0.386493
12000 0.00597525 0.381476
12100 0.00602525 0.362381
12200 0.00607525 0.351626
12300 0.00612525 0.358362
12400 0.00617525 0.347302
12500 0.00622525 0.36318
12600 0.00627525 0.3758
12700 0.00632525 0.383976
12800 0.00637525 0.404823
12900 0.00642525 0.435524
13000 0.00647525 0.457856
13100 0.00652525 0.480973
13200 0.00657525 0.486025
13300 0.00662525 0.493803
13400 0.00667525 0.487027
13500 0.00672525 0.486306
13600 0.00677525 0.48912
13700 0.00682525 0.477244
13800 0.00687525 0.45871
13900 0.00692525 0.458154
14000 0.00697525 0.422306
14100 0.00702525 0.421486
14200 0.00707525 0.417083
14300 0.00712525 0.400623
14400 0.00717525 0.382537
14500 0.00722525 0.372063
14600 0.00727525 0.385293
14700 0.00732525 0.41634
14800 0.00737525 0.428495
14900 0.00742525 0.440631
15000 0.00747525 0.458594
15100 0.00752525 0.484786
15200 0.00757525 0.504665
15300 0.00762525 0.500757
15400 0.00767525 0.52526
15500 0.00772525 0.531927
15600 0.00777525 0.534651
15700 0.00782525 0.52361
15800 0.00787525 0.528301
15900 0.00792525 0.522217
16000 0.00797525 0.51339
16100 0.00802525 0.477641
16200 0.00807525 0.459972
16300 0.00812525 0.448127
16400 0.00817525 0.431823
16500 0.00822525 0.445076
16600 0.00827525 0.42432
16700 0.00832525 0.441244
16800 0.00837525 0.462987
16900 0.00842525 0.463342
17000 0.00847525 0.451241
17100 0.00852525 0.482399
17200 0.00857525 0.509915
17300 0.00862525 0.53059
17400 0.00867525 0.546757
17500 0.00872525 0.555123
17600 0.00877525 0.572271
17700 0.00882525 0.587028
17800 0.00887525 0.573623
17900 0.00892525 0.571026
18000 0.00897525 0.562494
18100 0.00902525 0.541813
18200 0.00907525 0.53368
18300 0.00912525 0.494536
18400 0.00917525 0.495699
18500 0.00922525 0.485227
18600 0.00927525 0.483293
18700 0.00932525 0.469317
18800 0.00937525 0.474525
18900 0.00942525 0.490604
19000 0.00947525 0.492243
19100 0.00952525 0.48881
19200 0.00957525 0.501487
19300 0.00962525 0.54082
19400 0.00967525 0.562382
19500 0.00972525 0.581077
19600 0.00977525 0.599448
19700 0.00982525 0.600371
19800 0.00987525 0.615323
19900 0.00992525 0.605653
20000 0.00997525 0.601872
20100 0.0100252 0.600457
20200 0.0100753 0.594154
20300 0.0101253 0.577966
20400 0.0101753 0.548778
20500 0.0102253 0.550406
20600 0.0102753 0.54768
20700 0.0103252 0.520881
20800 0.0103753 0.512567
20900 0.0104253 0.507886
21000 0.0104753 0.513779
21100 0.0105253 0.511206
21200 0.0105753 0.526878
21300 0.0106252 0.559116
21400 0.0106753 0.571806
21500 0.0107253 0.584705
21600 0.0107753 0.604722
21700 0.0108253 0.616839
21800 0.0108753 0.63348
21900 0.0109253 0.640629
22000 0.0109753 0.657664
22100 0.0110253 0.648211
22200 0.0110752 0.654325
22300 0.0111252 0.644172
22400 0.0111753 0.626297
22500 0.0112253 0.617014
22600 0.0112753 0.585611
22700 0.0113253 0.579498
22800 0.0113753 0.557851
22900 0.0114252 0.558926
23000 0.0114753 0.550601
23100 0.0115253 0.565418
23200 0.0115752 0.559042
23300 0.0116253 0.565627
23400 0.0116752 0.575548
23500 0.0117253 0.581062
23600 0.0117753 0.601902
23700 0.0118253 0.630748
23800 0.0118753 0.650403
23900 0.0119253 0.668038
24000 0.0119752 0.684147
24100 0.0120253 0.701885
24200 0.0120753 0.671754
24300 0.0121252 0.689767
24400 0.0121752 0.689218
24500 0.0122253 0.667753
24600 0.0122753 0.646253
24700 0.0123253 0.639365
24800 0.0123753 0.637983
24900 0.0124253 0.616947
25000 0.0124753 0.617081
25100 0.0125253 0.594438
25200 0.0125753 0.611891
25300 0.0126252 0.594008
25400 0.0126753 0.589918
25500 0.0127253 0.607636
25600 0.0127753 0.621004
25700 0.0128253 0.641029
25800 0.0128752 0.666715
25900 0.0129252 0.680069
26000 0.0129753 0.690798
26100 0.0130252 0.707707
26200 0.0130753 0.706916
26300 0.0131253 0.720946
26400 0.0131753 0.713507
26500 0.0132253 0.717261
26600 0.0132753 0.718627
26700 0.0133253 0.706672
26800 0.0133753 0.692866
26900 0.0134253 0.694437
27000 0.0134753 0.677304
27100 0.0135252 0.657503
27200 0.0135753 0.642238
27300 0.0136253 0.631275
27400 0.0136753 0.627074
27500 0.0137253 0.64389
27600 0.0137752 0.654689
27700 0.0138253 0.656549
27800 0.0138753 0.681354
27900 0.0139253 0.688986
28000 0.0139753 0.692299
28100 0.0140253 0.719978
28200 0.0140753 0.730361
28300 0.0141253 0.745504
28400 0.0141753 0.755753
28500 0.0142253 0.760054
28600 0.0142753 0.787145
28700 0.0143253 0.778068
28800 0.0143753 0.766025
28900 0.0144253 0.740943
29000 0.0144753 0.715574
29100 0.0145253 0.719184
29200 0.0145753 0.706499
29300 0.0146253 0.701191
29400 0.0146753 0.691188
29500 0.0147252 0.692935
29600 0.0147753 0.691044
29700 0.0148253 0.676363
29800 0.0148753 0.702973
29900 0.0149253 0.710435
30000 0.0149753 0.709309
30100 0.0150253 0.721428
30200 0.0150753 0.753771
30300 0.0151253 0.767642
30400 0.0151753 0.793195
30500 0.0152253 0.808582
30600 0.0152753 0.795508
30700 0.0153253 0.791383
30800 0.0153753 0.805821
30900 0.0154253 0.803503
31000 0.0154752 0.795195
31100 0.0155253 0.785619
31200 0.0155753 0.763344
31300 0.0156253 0.771948
31400 0.0156753 0.756115
31500 0.0157253 0.748025
31600 0.0157753 0.74739
31700 0.0158253 0.745346
31800 0.0158753 0.719807
31900 0.0159253 0.719037
32000 0.0159753 0.735349
32100 0.0160253 0.753183
32200 0.0160753 0.784933
32300 0.0161253 0.78439
32400 0.0161753 0.798414
32500 0.0162253 0.804113
32600 0.0162753 0.816439
32700 0.0163253 0.841824
32800 0.0163752 0.834168
32900 0.0164253 0.831017
33000 0.0164753 0.855529
33100 0.0165253 0.838574
33200 0.0165753 0.846229
33300 0.0166253 0.836616
33400 0.0166753 0.816836
33500 0.0167253 0.802362
33600 0.0167753 0.785684
33700 0.0168253 0.76183
33800 0.0168753 0.765947
33900 0.0169252 0.772859
34000 0.0169752 0.772347
34100 0.0170253 0.765089
34200 0.0170753 0.791264
34300 0.0171252 0.790283
34400 0.0171753 0.815073
34500 0.0172253 0.812235
34600 0.0172753 0.830327
34700 0.0173253 0.865971
34800 0.0173753 0.860349
34900 0.0174253 0.879772
35000 0.0174753 0.8816
35100 0.0175253 0.90107
35200 0.0175753 0.877017
35300 0.0176253 0.865162
35400 0.0176753 0.868836
35500 0.0177252 0.844056
35600 0.0177753 0.856106
35700 0.0178253 0.83758
35800 0.0178752 0.82284
35900 0.0179253 0.816505
36000 0.0179753 0.806256
36100 0.0180253 0.800819
36200 0.0180753 0.805352
36300 0.0181253 0.814164
36400 0.0181753 0.833638
36500 0.0182253 0.841741
36600 0.0182753 0.844161
36700 0.0183253 0.870584
36800 0.0183753 0.891906
36900 0.0184253 0.915284
37000 0.0184753 0.923609
37100 0.0185253 0.918041
37200 0.0185753 0.913137
37300 0.0186253 0.917897
37400 0.0186753 0.91472
37500 0.0187253 0.925344
37600 0.0187753 0.908042
37700 0.0188253 0.898665
37800 0.0188753 0.889308
37900 0.0189253 0.861119
38000 0.0189753 0.858316
38100 0.0190253 0.863587
38200 0.0190752 0.867178
38300 0.0191253 0.844378
38400 0.0191753 0.850207
38500 0.0192253 0.872531
38600 0.0192753 0.881137
38700 0.0193253 0.909456
38800 0.0193753 0.902977
38900 0.0194253 0.916755
39000 0.0194753 0.924136
39100 0.0195253 0.943586
39200 0.0195753 0.95206
39300 0.0196253 0.950152
39400 0.0196753 0.974003
39500 0.0197253 0.962961
39600 0.0197753 0.96498
39700 0.0198253 0.95021
39800 0.0198753 0.937903
39900 0.0199253 0.940059
40000 0.0199753 0.91671
40100 0.0200253 0.89897
40200 0.0200753 0.899427
40300 0.0201253 0.903054
40400 0.0201753 0.906626
40500 0.0202253 0.898277
40600 0.0202752 0.895378
40700 0.0203253 0.924591
40800 0.0203753 0.921437
40900 0.0204252 0.926542
41000 0.0204753 0.94888
41100 0.0205253 0.966677
41200 0.0205753 0.983245
41300 0.0206253 0.982481
41400 0.0206753 0.999198
41500 0.0207253 1.00546
41600 0.0207752 1.00925
41700 0.0208253 1.00793
41800 0.0208753 0.99701
41900 0.0209253 0.996301
42000 0.0209753 0.973969
42100 0.0210252 0.965547
42200 0.0210753 0.961333
42300 0.0211253 0.954134
42400 0.0211752 0.941292
42500 0.0212253 0.941537
42600 0.0212752 0.932476
42700 0.0213253 0.934091
42800 0.0213753 0.93912
42900 0.0214253 0.955756
43000 0.0214753 0.977299
43100 0.0215252 0.978486
43200 0.0215753 1.00232
43300 0.0216253 1.01043
43400 0.0216753 1.02358
43500 0.0217253 1.03398
43600 0.0217752 1.03711
43700 0.0218253 1.03449
43800 0.0218753 1.0308
43900 0.0219253 1.04775
44000 0.0219753 1.03829
44100 0.0220252 1.03236
44200 0.0220753 1.02147
44300 0.0221253 1.00692
44400 0.0221753 1.00564
44500 0.0222253 0.98575
44600 0.0222752 0.982895
44700 0.0223253 0.97602
44800 0.0223752 0.977246
44900 0.0224253 0.994142
45000 0.0224753 0.996021
45100 0.0225252 1.01134
45200 0.0225753 1.019
45300 0.0226253 1.03144
45400 0.0226752 1.04542
45500 0.0227253 1.04663
45600 0.0227753 1.07135
45700 0.0228253 1.0755
45800 0.0228753 1.08357
45900 0.0229253 1.0849
46000 0.0229753 1.09361
46100 0.0230252 1.07902
46200 0.0230753 1.06885
46300 0.0231253 1.05914
46400 0.0231752 1.05127
46500 0.0232253 1.04211
46600 0.0232752 1.04729
46700 0.0233253 1.02716
46800 0.0233753 1.02649
46900 0.0234252 1.0212
47000 0.0234753 1.03619
47100 0.0235253 1.034
47200 0.0235753 1.03591
47300 0.0236253 1.0497
47400 0.0236752 1.05986
47500 0.0237253 1.06088
47600 0.0237752 1.09343
47700 0.0238253 1.11712
47800 0.0238753 1.12159
47900 0.0239252 1.13416
48000 0.0239753 1.12174
48100 0.0240253 1.11977
48200 0.0240753 1.11326
48300 0.0241253 1.11771
48400 0.0241752 1.11381
48500 0.0242253 1.0987
48600 0.0242753 1.09134
48700 0.0243253 1.07136
48800 0.0243753 1.07615
48900 0.0244253 1.0712
49000 0.0244753 1.06984
49100 0.0245253 1.06252
49200 0.0245753 1.0642
49300 0.0246253 1.08022
49400 0.0246752 1.08743
49500 0.0247253 1.09057
49600 0.0247753 1.11627
49700 0.0248253 1.135
49800 0.0248753 1.13965
49900 0.0249252 1.13405
50000 0.0249753 1.16094
50100 0.0250253 1.16937
50200 0.0250753 1.17107
50300 0.0251253 1.16534
50400 0.0251753 1.16764
50500 0.0252253 1.16162
50600 0.0252752 1.14517
50700 0.0253253 1.14988
50800 0.0253753 1.13793
50900 0.0254253 1.11676
51000 0.0254753 1.1043
51100 0.0255253 1.10703
51200 0.0255753 1.12043
51300 0.0256253 1.11784
51400 0.0256752 1.13311
51500 0.0257253 1.1354
51600 0.0257753 1.12317
51700 0.0258253 1.133
51800 0.0258753 1.15747
51900 0.0259253 1.17893
52000 0.0259753 1.18724
52100 0.0260253 1.19436
52200 0.0260753 1.19511
52300 0.0261253 1.21056
52400 0.0261752 1.23025
52500 0.0262253 1.2118
52600 0.0262753 1.20983
52700 0.0263252 1.18702
52800 0.0263753 1.18088
52900 0.0264253 1.18738
53000 0.0264752 1.19146
53100 0.0265253 1.15604
53200 0.0265753 1.1714
53300 0.0266253 1.15829
53400 0.0266753 1.15029
53500 0.0267253 1.15781
53600 0.0267753 1.16527
53700 0.0268253 1.18154
53800 0.0268753 1.17346
53900 0.0269252 1.17813
54000 0.0269753 1.19206
54100 0.0270253 1.23003
54200 0.0270753 1.24681
54300 0.0271253 1.25473
54400 0.0271752 1.23591
54500 0.0272253 1.24204
54600 0.0272753 1.25199
54700 0.0273253 1.25628
54800 0.0273753 1.24964
54900 0.0274253 1.24769
55000 0.0274753 1.2195
55100 0.0275253 1.21861
55200 0.0275753 1.22786
55300 0.0276253 1.21468
55400 0.0276752 1.22008
55500 0.0277253 1.1978
55600 0.0277753 1.19365
55700 0.0278253 1.18999
55800 0.0278753 1.20918
55900 0.0279252 1.2171
56000 0.0279753 1.22891
56100 0.0280253 1.2419
56200 0.0280753 1.2418
56300 0.0281253 1.25153
56400 0.0281752 1.26161
56500 0.0282253 1.27762
56600 0.0282753 1.28575
56700 0.0283253 1.29235
56800 0.0283753 1.2935
56900 0.0284252 1.29198
57000 0.0284753 1.30178
57100 0.0285253 1.28466
57200 0.0285753 1.27996
57300 0.0286253 1.26761
57400 0.0286752 1.24956
57500 0.0287253 1.2486
57600 0.0287753 1.23441
57700 0.0288253 1.24541
57800 0.0288753 1.24615
57900 0.0289252 1.25493
58000 0.0289753 1.25225
58100 0.0290253 1.26046
58200 0.0290753 1.26903
58300 0.0291253 1.27297
58400 0.0291752 1.28304
58500 0.0292253 1.30901
58600 0.0292753 1.30694
58700 0.0293253 1.32556
58800 0.0293753 1.32198
58900 0.0294253 1.32639
59000 0.0294753 1.32646
59100 0.0295253 1.34637
59200 0.0295753 1.32292
59300 0.0296253 1.31466
59400 0.0296752 1.29451
59500 0.0297253 1.31012
59600 0.0297753 1.30497
59700 0.0298253 1.29156
59800 0.0298753 1.28414
59900 0.0299252 1.27933
60000 0.0299753 1.28597
60100 0.0300253 1.29796
60200 0.0300752 1.28781
60300 0.0301253 1.29239
60400 0.0301752 1.30642
60500 0.0302253 1.32124
60600 0.0302753 1.34041
60700 0.0303253 1.33889
60800 0.0303753 1.36046
60900 0.0304253 1.37203
61000 0.0304753 1.37858
61100 0.0305253 1.38229
61200 0.0305753 1.38557
61300 0.0306253 1.37887
61400 0.0306752 1.35718
61500 0.0307253 1.36511
61600 0.0307753 1.34605
61700 0.0308253 1.34861
61800 0.0308753 1.35989
61900 0.0309253 1.33252
62000 0.0309753 1.33222
62100 0.0310253 1.33081
62200 0.0310753 1.32644
62300 0.0311253 1.33533
62400 0.0311753 1.32595
62500 0.0312253 1.36019
62600 0.0312753 1.36526
62700 0.0313253 1.36695
62800 0.0313753 1.3784
62900 0.0314252 1.39934
63000 0.0314753 1.4027
63100 0.0315253 1.40308
63200 0.0315753 1.41527
63300 0.0316253 1.41692
63400 0.0316753 1.40909
63500 0.0317253 1.42311
63600 0.0317753 1.41218
63700 0.0318253 1.40023
63800 0.0318753 1.39736
63900 0.0319252 1.40109
64000 0.0319753 1.3832
64100 0.0320252 1.37034
64200 0.0320753 1.38652
64300 0.0321253 1.3822
64400 0.0321752 1.37728
64500 0.0322253 1.38452
64600 0.0322753 1.38608
64700 0.0323253 1.39786
64800 0.0323753 1.40821
64900 0.0324253 1.41707
65000 0.0324753 1.42398
65100 0.0325253 1.44276
65200 0.0325753 1.45159
65300 0.0326252 1.4507
65400 0.0326753 1.46249
65500 0.0327253 1.45923
65600 0.0327752 1.47826
65700 0.0328253 1.45167
65800 0.0328753 1.45844
65900 0.0329252 1.44324
66000 0.0329753 1.4349
66100 0.0330253 1.42511
66200 0.0330753 1.42552
66300 0.0331253 1.41081
66400 0.0331753 1.42902
66500 0.0332253 1.4225
66600 0.0332753 1.41682
66700 0.0333253 1.43812
66800 0.0333753 1.42142
66900 0.0334253 1.44466
67000 0.0334753 1.45076
67100 0.0335253 1.45859
67200 0.0335753 1.47196
67300 0.0336253 1.47847
67400 0.0336753 1.49713
67500 0.0337253 1.50752
67600 0.0337753 1.50718
67700 0.0338253 1.50504
67800 0.0338753 1.50171
67900 0.0339253 1.50064
68000 0.0339753 1.48393
68100 0.0340253 1.47699
68200 0.0340753 1.47794
68300 0.0341253 1.4754
68400 0.0341753 1.45989
68500 0.0342253 1.44562
68600 0.0342753 1.46509
68700 0.0343253 1.45942
68800 0.0343753 1.45974
68900 0.0344253 1.46252
69000 0.0344753 1.4708
69100 0.0345253 1.48804
69200 0.0345753 1.49919
69300 0.0346253 1.50002
69400 0.0346753 1.49936
69500 0.0347253 1.52042
69600 0.0347753 1.52911
69700 0.0348253 1.55739
69800 0.0348753 1.53769
69900 0.0349253 1.54482
70000 0.0349753 1.55483
70100 0.0350253 1.54502
70200 0.0350753 1.53472
70300 0.0351253 1.51906
70400 0.0351753 1.53084
70500 0.0352253 1.504
70600 0.0352753 1.5177
70700 0.0353253 1.50801
70800 0.0353753 1.51209
70900 0.0354253 1.50174
71000 0.0354753 1.49386
71100 0.0355252 1.50771
71200 0.0355753 1.50746
71300 0.0356253 1.53841
71400 0.0356753 1.53793
71500 0.0357253 1.55235
71600 0.0357752 1.57148
71700 0.0358253 1.59191
71800 0.0358753 1.58486
71900 0.0359253 1.58521
72000 0.0359753 1.58028
72100 0.0360253 1.57925
72200 0.0360753 1.57864
72300 0.0361253 1.58343
72400 0.0361753 1.58557
72500 0.0362253 1.58276
72600 0.0362753 1.55814
72700 0.0363253 1.55696
72800 0.0363753 1.54509
72900 0.0364253 1.55523
73000 0.0364753 1.55643
73100 0.0365253 1.54725
73200 0.0365753 1.5503
73300 0.0366253 1.55623
73400 0.0366753 1.58922
73500 0.0367253 1.58199
73600 0.0367753 1.5868
73700 0.0368253 1.59
73800 0.0368753 1.59882
73900 0.0369253 1.61134
74000 0.0369753 1.60624
74100 0.0370253 1.63735
74200 0.0370753 1.63594
74300 0.0371253 1.63635
74400 0.0371753 1.63271
74500 0.0372253 1.63039
74600 0.0372753 1.6179
74700 0.0373253 1.62608
74800 0.0373753 1.60617
74900 0.0374253 1.58457
75000 0.0374753 1.59391
75100 0.0375253 1.58906
75200 0.0375753 1.59414
75300 0.0376253 1.58731
75400 0.0376753 1.59802
75500 0.0377253 1.60494
75600 0.0377753 1.60891
75700 0.0378253 1.60329
75800 0.0378753 1.61337
75900 0.0379253 1.63358
76000 0.0379753 1.65118
76100 0.0380253 1.66542
76200 0.0380753 1.65397
76300 0.0381253 1.65986
76400 0.0381753 1.67702
76500 0.0382253 1.68082
76600 0.0382753 1.67115
76700 0.0383253 1.6657
76800 0.0383753 1.66267
76900 0.0384253 1.6545
77000 0.0384753 1.64901
77100 0.0385253 1.65226
77200 0.0385753 1.65909
77300 0.0386253 1.63949
77400 0.0386753 1.62314
77500 0.0387253 1.61544
77600 0.0387753 1.63081
77700 0.0388253 1.62874
77800 0.0388753 1.6538
77900 0.0389253 1.65647
78000 0.0389753 1.65984
78100 0.0390253 1.67839
78200 0.0390753 1.69292
78300 0.0391253 1.70125
78400 0.0391753 1.70463
78500 0.0392253 1.71882
78600 0.0392753 1.71217
78700 0.0393253 1.7034
78800 0.0393753 1.71824
78900 0.0394253 1.71432
79000 0.0394753 1.7272
79100 0.0395253 1.69683
79200 0.0395753 1.69427
79300 0.0396253 1.66857
79400 0.0396753 1.67553
79500 0.0397253 1.67153
79600 0.0397753 1.66916
79700 0.0398253 1.66649
79800 0.0398753 1.6788
79900 0.0399253 1.68149
80000 0.0399753 1.69792
80100 0.0400253 1.7221
80200 0.0400753 1.71698
80300 0.0401253 1.72964
80400 0.0401753 1.73037
80500 0.0402253 1.74443
80600 0.0402753 1.77556
80700 0.0403253 1.78409
80800 0.0403753 1.75488
80900 0.0404253 1.74597
81000 0.0404753 1.75554
81100 0.0405253 1.74876
81200 0.0405753 1.75304
81300 0.0406253 1.74829
81400 0.0406753 1.73099
81500 0.0407253 1.72589
81600 0.0407753 1.70691
81700 0.0408253 1.72069
81800 0.0408753 1.73038
81900 0.0409253 1.72876
82000 0.0409753 1.72944
82100 0.0410253 1.72376
82200 0.0410753 1.72783
82300 0.0411253 1.74774
82400 0.0411753 1.75854
82500 0.0412253 1.76767
82600 0.0412753 1.78075
82700 0.0413253 1.78941
82800 0.0413753 1.78646
82900 0.0414253 1.80652
83000 0.0414753 1.80158
83100 0.0415253 1.81553
83200 0.0415753 1.787
83300 0.0416253 1.79362
83400 0.0416753 1.79026
83500 0.0417253 1.79351
83600 0.0417753 1.78579
83700 0.0418253 1.76608
83800 0.0418753 1.76417
83900 0.0419253 1.76094
84000 0.0419753 1.74709
84100 0.0420253 1.76136
84200 0.0420753 1.76223
84300 0.0421253 1.77965
84400 0.0421753 1.79616
84500 0.0422253 1.78304
84600 0.0422753 1.80178
84700 0.0423253 1.80596
84800 0.0423753 1.81829
84900 0.0424252 1.83039
85000 0.0424753 1.84199
85100 0.0425253 1.84351
85200 0.0425753 1.86292
85300 0.0426253 1.86213
85400 0.0426753 1.85024
85500 0.0427253 1.85315
85600 0.0427753 1.83116
85700 0.0428253 1.83159
85800 0.0428753 1.8273
85900 0.0429253 1.81491
86000 0.0429753 1.81567
86100 0.0430253 1.81845
86200 0.0430753 1.8146
86300 0.0431253 1.81158
86400 0.0431752 1.81717
86500 0.0432253 1.80632
86600 0.0432753 1.81863
86700 0.0433252 1.83594
86800 0.0433753 1.85272
86900 0.0434252 1.86483
87000 0.0434753 1.87478
87100 0.0435253 1.88538
87200 0.0435753 1.88793
87300 0.0436253 1.89086
87400 0.0436753 1.89357
87500 0.0437253 1.89867
87600 0.0437753 1.89567
87700 0.0438253 1.87121
87800 0.0438753 1.88496
87900 0.0439252 1.87917
88000 0.0439753 1.88746
88100 0.0440253 1.87887
88200 0.0440753 1.86294
88300 0.0441253 1.86328
88400 0.0441753 1.85125
88500 0.0442253 1.85009
88600 0.0442753 1.85208
88700 0.0443253 1.8644
88800 0.0443752 1.86686
88900 0.0444252 1.87824
89000 0.0444753 1.89103
89100 0.0445253 1.90979
89200 0.0445753 1.90547
89300 0.0446253 1.91839
89400 0.0446752 1.91682
89500 0.0447253 1.92484
89600 0.0447753 1.93617
89700 0.0448253 1.94843
89800 0.0448753 1.93854
89900 0.0449253 1.95103
90000 0.0449753 1.93244
90100 0.0450253 1.92521
90200 0.0450753 1.91951
90300 0.0451253 1.91703
90400 0.0451752 1.9039
90500 0.0452253 1.8912
90600 0.0452752 1.88927
90700 0.0453253 1.89047
90800 0.0453753 1.88896
90900 0.0454252 1.90964
91000 0.0454753 1.90815
91100 0.0455253 1.9051
91200 0.0455753 1.93023
91300 0.0456253 1.93853
91400 0.0456753 1.94344
91500 0.0457253 1.95178
91600 0.0457753 1.96019
91700 0.0458253 1.96991
91800 0.0458753 1.97743
91900 0.0459253 1.99417
92000 0.0459753 1.9878
92100 0.0460252 1.9854
92200 0.0460753 1.96505
92300 0.0461253 1.95793
92400 0.0461752 1.97439
92500 0.0462253 1.96385
92600 0.0462753 1.96422
92700 0.0463253 1.95833
92800 0.0463753 1.94669
92900 0.0464253 1.94094
93000 0.0464753 1.93233
93100 0.0465253 1.93423
93200 0.0465753 1.94466
93300 0.0466253 1.96442
93400 0.0466753 1.96665
93500 0.0467253 1.97094
93600 0.0467753 1.99113
93700 0.0468253 2.00453
93800 0.0468753 2.00918
93900 0.0469253 2.02719
94000 0.0469753 2.02265
94100 0.0470253 2.02907
94200 0.0470753 2.04329
94300 0.0471253 2.03288
94400 0.0471753 2.02947
94500 0.0472253 2.01847
94600 0.0472752 2.02505
94700 0.0473253 2.01009
94800 0.0473753 1.99007
94900 0.0474253 1.98944
95000 0.0474753 1.98174
95100 0.0475252 1.99071
95200 0.0475753 1.99225
95300 0.0476253 1.99573
95400 0.0476753 2.00029
95500 0.0477252 2.0013
95600 0.0477753 2.02819
95700 0.0478253 2.0304
95800 0.0478753 2.04506
95900 0.0479253 2.05479
96000 0.0479753 2.06349
96100 0.0480252 2.07713
96200 0.0480753 2.07479
96300 0.0481253 2.07208
96400 0.0481753 2.07875
96500 0.0482253 2.06932
96600 0.0482752 2.06355
96700 0.0483253 2.05948
96800 0.0483753 2.06521
96900 0.0484253 2.05691
97000 0.0484753 2.04506
97100 0.0485253 2.03409
97200 0.0485753 2.02581
97300 0.0486253 2.02993
97400 0.0486753 2.03281
97500 0.0487253 2.04409
97600 0.0487753 2.04645
97700 0.0488253 2.06545
97800 0.0488753 2.06874
97900 0.0489253 2.07481
98000 0.0489753 2.09587
98100 0.0490253 2.08737
98200 0.0490753 2.09408
98300 0.0491253 2.12374
98400 0.0491752 2.11588
98500 0.0492253 2.12913
98600 0.0492753 2.12662
98700 0.0493253 2.12346
98800 0.0493753 2.11593
98900 0.0494253 2.11104
99000 0.0494753 2.09391
99100 0.0495252 2.10539
99200 0.0495753 2.09066
99300 0.0496253 2.07956
99400 0.0496753 2.103
99500 0.0497253 2.08567
99600 0.0497753 2.08783
99700 0.0498253 2.08026
99800 0.0498753 2.08343
99900 0.0499253 2.08906
100000 0.0499753 2.10972
100100 0.0500253 2.1337
100200 0.0500753 2.13691
100300 0.0501253 2.15219
100400 0.0501753 2.16554
100500 0.0502253 2.15093
100600 0.0502753 2.1726
100700 0.0503253 2.17415
100800 0.0503753 2.17554
100900 0.0504253 2.16135
101000 0.0504753 2.15004
101100 0.0505253 2.16879
101200 0.0505753 2.15828
101300 0.0506253 2.14872
101400 0.0506753 2.13713
101500 0.0507253 2.14218
101600 0.0507753 2.13021
101700 0.0508253 2.10352
101800 0.0508753 2.13483
101900 0.0509253 2.13922
102000 0.0509753 2.14871
102100 0.0510252 2.17028
102200 0.0510753 2.17495
102300 0.0511253 2.17458
102400 0.0511753 2.19495
102500 0.0512253 2.20043
102600 0.0512753 2.192
102700 0.0513253 2.19187
102800 0.0513753 2.19365
102900 0.0514253 2.22219
103000 0.0514753 2.23529
103100 0.0515253 2.22684
103200 0.0515753 2.21302
103300 0.0516253 2.20113
103400 0.0516753 2.1984
103500 0.0517253 2.19382
103600 0.0517752 2.18949
103700 0.0518253 2.17952
103800 0.0518753 2.1778
103900 0.0519253 2.17428
104000 0.0519753 2.16679
104100 0.0520252 2.20351
104200 0.0520753 2.20804
104300 0.0521253 2.19625
104400 0.0521753 2.1883
104500 0.0522253 2.20708
104600 0.0522753 2.23244
104700 0.0523253 2.25438
104800 0.0523752 2.268
104900 0.0524253 2.26792
105000 0.0524753 2.27132
105100 0.0525253 2.27878
105200 0.0525753 2.26324
105300 0.0526253 2.25967
105400 0.0526753 2.24777
105500 0.0527253 2.25656
105600 0.0527752 2.23314
105700 0.0528253 2.20696
105800 0.0528753 2.22832
105900 0.0529253 2.23818
106000 0.0529753 2.23362
106100 0.0530252 2.23813
106200 0.0530753 2.2282
106300 0.0531252 2.21916
106400 0.0531753 2.22652
106500 0.0532253 2.25193
106600 0.0532753 2.25605
106700 0.0533253 2.27214
106800 0.0533753 2.283
106900 0.0534253 2.29218
107000 0.0534753 2.29359
107100 0.0535253 2.301
107200 0.0535753 2.30925
107300 0.0536252 2.30083
107400 0.0536753 2.29849
107500 0.0537253 2.30008
107600 0.0537753 2.30967
107700 0.0538253 2.31733
107800 0.0538752 2.32008
107900 0.0539253 2.30257
108000 0.0539753 2.30361
108100 0.0540253 2.27979
108200 0.0540753 2.26958
108300 0.0541252 2.27042
108400 0.0541753 2.26568
108500 0.0542253 2.27233
108600 0.0542753 2.27853
108700 0.0543253 2.29968
108800 0.0543752 2.29952
108900 0.0544253 2.3214
109000 0.0544753 2.33132
109100 0.0545253 2.33095
109200 0.0545753 2.32895
109300 0.0546253 2.33872
109400 0.0546753 2.34578
109500 0.0547253 2.35285
109600 0.0547753 2.36882
109700 0.0548253 2.36482
109800 0.0548753 2.35686
109900 0.0549253 2.34262
110000 0.0549753 2.33196
110100 0.0550253 2.33981
110200 0.0550753 2.32637
110300 0.0551253 2.31773
110400 0.0551753 2.31741
110500 0.0552252 2.33129
110600 0.0552753 2.32517
110700 0.0553253 2.32431
110800 0.0553752 2.33677
110900 0.0554253 2.33565
111000 0.0554753 2.34796
111100 0.0555253 2.34795
111200 0.0555753 2.36227
111300 0.0556252 2.38529
111400 0.0556753 2.40132
111500 0.0557252 2.39425
111600 0.0557753 2.39819
111700 0.0558253 2.40708
111800 0.0558753 2.41904
111900 0.0559253 2.39337
112000 0.0559752 2.37614
112100 0.0560253 2.37736
112200 0.0560753 2.39204
112300 0.0561252 2.3924
112400 0.0561753 2.38684
112500 0.0562253 2.38278
112600 0.0562753 2.37874
112700 0.0563253 2.3693
112800 0.0563753 2.36469
112900 0.0564253 2.36066
113000 0.0564752 2.37811
113100 0.0565253 2.38325
113200 0.0565753 2.38485
113300 0.0566253 2.37737
113400 0.0566753 2.41301
113500 0.0567252 2.44464
113600 0.0567753 2.43696
113700 0.0568253 2.42948
113800 0.0568753 2.44839
113900 0.0569253 2.44238
114000 0.0569752 2.45527
114100 0.0570253 2.45719
114200 0.0570753 2.44824
114300 0.0571253 2.45778
114400 0.0571753 2.4523
114500 0.0572252 2.43649
114600 0.0572753 2.43324
114700 0.0573253 2.42411
114800 0.0573753 2.41588
114900 0.0574253 2.389
115000 0.0574752 2.39865
115100 0.0575253 2.411
115200 0.0575753 2.44517
115300 0.0576253 2.44427
115400 0.0576753 2.43504
115500 0.0577252 2.42993
115600 0.0577753 2.44298
115700 0.0578253 2.46094
115800 0.0578753 2.48297
115900 0.0579253 2.48328
116000 0.0579752 2.49764
116100 0.0580253 2.50956
116200 0.0580752 2.5061
116300 0.0581253 2.50632
116400 0.0581753 2.48786
116500 0.0582252 2.49886
116600 0.0582753 2.48135
116700 0.0583253 2.46685
116800 0.0583753 2.45724
116900 0.0584253 2.481
117000 0.0584753 2.48467
117100 0.0585253 2.46286
117200 0.0585752 2.45442
117300 0.0586253 2.45362
117400 0.0586753 2.45987
117500 0.0587252 2.46079
117600 0.0587753 2.45528
117700 0.0588252 2.47352
117800 0.0588753 2.49223
117900 0.0589253 2.5069
118000 0.0589753 2.53566
118100 0.0590253 2.52761
118200 0.0590752 2.54099
118300 0.0591253 2.53696
118400 0.0591753 2.54395
118500 0.0592253 2.52803
118600 0.0592753 2.53544
118700 0.0593252 2.5619
118800 0.0593753 2.55352
118900 0.0594253 2.54937
119000 0.0594753 2.52988
119100 0.0595253 2.52501
119200 0.0595752 2.50693
119300 0.0596253 2.4995
119400 0.0596753 2.48661
119500 0.0597253 2.50798
119600 0.0597753 2.49556
119700 0.0598252 2.51037
119800 0.0598753 2.51809
119900 0.0599253 2.53419
120000 0.0599753 2.55958
120100 0.0600253 2.54295
120200 0.0600753 2.55328
120300 0.0601253 2.55113
120400 0.0601753 2.57961
120500 0.0602253 2.58486
120600 0.0602753 2.59077
120700 0.0603252 2.59581
120800 0.0603753 2.62185
120900 0.0604252 2.62803
121000 0.0604753 2.59712
121100 0.0605253 2.57796
121200 0.0605753 2.59014
121300 0.0606253 2.55551
121400 0.0606753 2.56229
121500 0.0607253 2.56045
121600 0.0607753 2.56685
121700 0.0608252 2.56996
121800 0.0608753 2.55767
121900 0.0609253 2.55409
122000 0.0609753 2.55634
122100 0.0610253 2.5494
122200 0.0610752 2.57941
122300 0.0611253 2.57763
122400 0.0611753 2.60447
122500 0.0612253 2.62621
122600 0.0612753 2.63391
122700 0.0613253 2.63115
122800 0.0613753 2.63695
122900 0.0614253 2.65396
123000 0.0614753 2.63574
123100 0.0615253 2.62364
123200 0.0615753 2.62518
123300 0.0616253 2.64471
123400 0.0616753 2.63912
123500 0.0617253 2.62833
123600 0.0617753 2.60851
123700 0.0618253 2.59887
123800 0.0618753 2.60301
123900 0.0619253 2.6104
124000 0.0619753 2.59036
124100 0.0620253 2.59216
124200 0.0620753 2.60798
124300 0.0621253 2.62432
124400 0.0621752 2.64418
124500 0.0622253 2.6438
124600 0.0622753 2.66171
124700 0.0623253 2.65892
124800 0.0623753 2.65802
124900 0.0624252 2.67888
125000 0.0624753 2.68841
125100 0.0625253 2.70432
125200 0.0625753 2.72432
125300 0.0626253 2.69474
125400 0.0626752 2.69345
125500 0.0627253 2.68114
125600 0.0627753 2.67842
125700 0.0628253 2.66149
125800 0.0628753 2.64292
125900 0.0629253 2.64443
126000 0.0629753 2.63607
126100 0.0630253 2.63914
126200 0.0630753 2.65452
126300 0.0631253 2.64777
126400 0.0631753 2.65774
126500 0.0632253 2.67103
126600 0.0632753 2.6649
126700 0.0633253 2.68107
126800 0.0633753 2.68729
126900 0.0634253 2.71115
127000 0.0634753 2.733
127100 0.0635253 2.73303
127200 0.0635753 2.74224
127300 0.0636253 2.75738
127400 0.0636753 2.74952
127500 0.0637253 2.73094
127600 0.0637752 2.72232
127700 0.0638253 2.70795
127800 0.0638753 2.71651
127900 0.0639253 2.70685
128000 0.0639753 2.69529
128100 0.0640252 2.69419
128200 0.0640753 2.68103
128300 0.0641253 2.70642
128400 0.0641753 2.68659
128500 0.0642253 2.68319
128600 0.0642752 2.69498
128700 0.0643253 2.71322
128800 0.0643753 2.71431
128900 0.0644253 2.72748
129000 0.0644753 2.74941
129100 0.0645252 2.76783
129200 0.0645753 2.78039
129300 0.0646253 2.77789
129400 0.0646753 2.77874
129500 0.0647253 2.77232
129600 0.0647753 2.77515
129700 0.0648253 2.76317
129800 0.0648753 2.77552
129900 0.0649253 2.78264
130000 0.0649753 2.78274
130100 0.0650253 2.75422
130200 0.0650753 2.74729
130300 0.0651253 2.73381
130400 0.0651753 2.74124
130500 0.0652253 2.74102
130600 0.0652753 2.74474
130700 0.0653253 2.75055
130800 0.0653753 2.75954
130900 0.0654253 2.76098
131000 0.0654753 2.77801
131100 0.0655253 2.77939
131200 0.0655753 2.80114
131300 0.0656252 2.79874
131400 0.0656753 2.81197
131500 0.0657253 2.8316
131600 0.0657753 2.82831
131700 0.0658253 2.83126
131800 0.0658753 2.82348
131900 0.0659253 2.82323
132000 0.0659753 2.83872
132100 0.0660252 2.80746
132200 0.0660753 2.80334
132300 0.0661253 2.78569
132400 0.0661753 2.78678
132500 0.0662253 2.79745
132600 0.0662753 2.79157
132700 0.0663253 2.77399
132800 0.0663752 2.78315
132900 0.0664253 2.79397
133000 0.0664753 2.80625
133100 0.0665253 2.80423
133200 0.0665753 2.81528
133300 0.0666253 2.82437
133400 0.0666753 2.84388
133500 0.0667253 2.84638
133600 0.0667753 2.87292
133700 0.0668253 2.89245
133800 0.0668753 2.88915
133900 0.0669253 2.8783
134000 0.0669753 2.88077
134100 0.0670253 2.87296
134200 0.0670753 2.86711
134300 0.0671252 2.85882
134400 0.0671753 2.8514
134500 0.0672253 2.85346
134600 0.0672753 2.8642
134700 0.0673253 2.85448
134800 0.0673753 2.84186
134900 0.0674253 2.82679
135000 0.0674753 2.83739
135100 0.0675253 2.84099
135200 0.0675753 2.82839
135300 0.0676253 2.86127
135400 0.0676753 2.87279
135500 0.0677253 2.86976
135600 0.0677753 2.88604
135700 0.0678253 2.90118
135800 0.0678753 2.90436
135900 0.0679253 2.91256
136000 0.0679753 2.91293
136100 0.0680253 2.92264
136200 0.0680753 2.93066
136300 0.0681253 2.93019
136400 0.0681753 2.91725
136500 0.0682253 2.9245
136600 0.0682753 2.91727
136700 0.0683253 2.93428
136800 0.0683753 2.9157
136900 0.0684253 2.88555
137000 0.0684753 2.88363
137100 0.0685253 2.88763
137200 0.0685753 2.89843
137300 0.0686253 2.89731
137400 0.0686753 2.89896
137500 0.0687253 2.90491
137600 0.0687753 2.91738
137700 0.0688253 2.92187
137800 0.0688753 2.92617
137900 0.0689253 2.92551
138000 0.0689753 2.9395
138100 0.0690253 2.95719
138200 0.0690753 2.9718
138300 0.0691253 2.98433
138400 0.0691753 2.99914
138500 0.0692253 2.99484
138600 0.0692753 2.98288
138700 0.0693253 2.95025
138800 0.0693753 2.93985
138900 0.0694253 2.96143
139000 0.0694753 2.95978
139100 0.0695253 2.95369
139200 0.0695753 2.9488
139300 0.0696253 2.9429
139400 0.0696753 2.93074
139500 0.0697253 2.93688
139600 0.0697753 2.92832
139700 0.0698253 2.92189
139800 0.0698753 2.93608
139900 0.0699253 2.94964
140000 0.0699753 2.97125
140100 0.0700253 3.00632
140200 0.0700753 3.00868
140300 0.0701253 3.02321
140400 0.0701753 3.02261
140500 0.0702253 2.99999
140600 0.0702753 3.02024
140700 0.0703253 3.02631
140800 0.0703753 3.0293
140900 0.0704253 3.03004
141000 0.0704753 3.00271
141100 0.0705253 2.99853
141200 0.0705753 2.99018
141300 0.0706253 2.99474
141400 0.0706753 2.9779
141500 0.0707253 2.98002
141600 0.0707753 2.97281
141700 0.0708253 2.94708
141800 0.0708753 2.95636
141900 0.0709253 2.95478
142000 0.0709753 2.9889
142100 0.0710253 3.01051
142200 0.0710752 3.02403
142300 0.0711253 3.03105
142400 0.0711753 3.0508
142500 0.0712253 3.06587
142600 0.0712753 3.08182
142700 0.0713253 3.06286
142800 0.0713753 3.07498
142900 0.0714253 3.07649
143000 0.0714753 3.0876
143100 0.0715253 3.09265
143200 0.0715753 3.08976
143300 0.0716253 3.07331
143400 0.0716753 3.05191
143500 0.0717253 3.03204
143600 0.0717753 3.03298
143700 0.0718253 3.01382
143800 0.0718753 3.03069
143900 0.0719253 3.02321
144000 0.0719753 3.04025
144100 0.0720253 3.05661
144200 0.0720753 3.04055
144300 0.0721253 3.05652
144400 0.0721753 3.07152
144500 0.0722253 3.05907
144600 0.0722753 3.06991
144700 0.0723253 3.09676
144800 0.0723753 3.11023
144900 0.0724252 3.12396
145000 0.0724753 3.13191
145100 0.0725253 3.12722
145200 0.0725753 3.12495
145300 0.0726253 3.10043
145400 0.0726753 3.12113
145500 0.0727253 3.11867
145600 0.0727753 3.10573
145700 0.0728253 3.07834
145800 0.0728753 3.08037
145900 0.0729253 3.07822
146000 0.0729753 3.09071
146100 0.0730253 3.09111
146200 0.0730753 3.09587
146300 0.0731253 3.06672
146400 0.0731753 3.07088
146500 0.0732253 3.07968
146600 0.0732753 3.1032
146700 0.0733253 3.11541
146800 0.0733753 3.13796
146900 0.0734253 3.1389
147000 0.0734753 3.15915
147100 0.0735253 3.17164
147200 0.0735753 3.16854
147300 0.0736253 3.1735
147400 0.0736753 3.16353
147500 0.0737253 3.15931
147600 0.0737753 3.15357
147700 0.0738253 3.15386
147800 0.0738753 3.15843
147900 0.0739253 3.16494
148000 0.0739753 3.14309
148100 0.0740253 3.12922
148200 0.0740753 3.13034
148300 0.0741253 3.11056
148400 0.0741753 3.1157
148500 0.0742253 3.13622
148600 0.0742753 3.13967
148700 0.0743253 3.15253
148800 0.0743753 3.17186
148900 0.0744253 3.18386
149000 0.0744753 3.18346
149100 0.0745253 3.18272
149200 0.0745753 3.19442
149300 0.0746253 3.20707
149400 0.0746753 3.20698
149500 0.0747253 3.21021
149600 0.0747753 3.21384
149700 0.0748253 3.21174
149800 0.0748753 3.22406
149900 0.0749253 3.219
150000 0.0749753 3.20483
150100 0.0750253 3.17372
150200 0.0750753 3.17739
150300 0.0751253 3.16413
150400 0.0751753 3.16753
150500 0.0752253 3.17828
150600 0.0752753 3.18897
150700 0.0753253 3.19175
150800 0.0753753 3.19486
150900 0.0754253 3.19492
151000 0.0754753 3.1844
151100 0.0755253 3.20852
151200 0.0755753 3.21309
151300 0.0756253 3.23084
151400 0.0756753 3.22643
151500 0.0757253 3.26123
151600 0.0757753 3.25855
151700 0.0758253 3.27269
151800 0.0758753 3.24916
151900 0.0759253 3.26459
152000 0.0759753 3.26379
152100 0.0760253 3.2288
152200 0.0760753 3.22097
152300 0.0761253 3.25893
152400 0.0761752 3.25895
152500 0.0762253 3.24692
152600 0.0762753 3.22776
152700 0.0763253 3.20725
152800 0.0763753 3.20927
152900 0.0764253 3.21849
153000 0.0764753 3.23689
153100 0.0765253 3.23812
153200 0.0765753 3.23407
153300 0.0766253 3.24143
153400 0.0766753 3.28604
153500 0.0767253 3.2903
153600 0.0767753 3.3048
153700 0.0768253 3.30763
153800 0.0768753 3.29523
153900 0.0769253 3.28798
154000 0.0769753 3.30248
154100 0.0770253 3.30892
154200 0.0770753 3.30847
154300 0.0771253 3.3061
154400 0.0771753 3.30259
154500 0.0772253 3.28515
154600 0.0772753 3.27368
154700 0.0773253 3.28042
154800 0.0773753 3.26982
154900 0.0774253 3.26783
155000 0.0774753 3.27732
155100 0.0775253 3.29101
155200 0.0775753 3.29362
155300 0.0776253 3.30555
155400 0.0776753 3.29981
155500 0.0777253 3.30419
155600 0.0777753 3.30646
155700 0.0778253 3.30888
155800 0.0778753 3.33029
155900 0.0779253 3.35777
156000 0.0779753 3.36546
156100 0.0780253 3.34251
156200 0.0780753 3.34345
156300 0.0781253 3.35336
156400 0.0781753 3.35514
156500 0.0782253 3.35568
156600 0.0782753 3.33689
156700 0.0783253 3.33012
156800 0.0783753 3.32658
156900 0.0784253 3.31392
157000 0.0784753 3.31392
157100 0.0785253 3.31078
157200 0.0785753 3.33043
157300 0.0786253 3.31691
157400 0.0786753 3.31027
157500 0.0787253 3.33213
157600 0.0787753 3.34482
157700 0.0788253 3.36868
157800 0.0788753 3.37502
157900 0.0789253 3.37551
158000 0.0789753 3.39294
158100 0.0790253 3.39877
158200 0.0790753 3.41484
158300 0.0791253 3.39697
158400 0.0791753 3.39114
158500 0.0792253 3.3848
158600 0.0792753 3.37795
158700 0.0793253 3.38719
158800 0.0793753 3.38671
158900 0.0794253 3.39359
159000 0.0794753 3.38513
159100 0.0795253 3.3719
159200 0.0795753 3.36745
159300 0.0796253 3.36474
159400 0.0796753 3.38434
159500 0.0797253 3.38343
159600 0.0797753 3.37776
159700 0.0798253 3.39528
159800 0.0798753 3.3959
159900 0.0799253 3.41222
160000 0.0799753 3.41026
160100 0.0800253 3.42535
160200 0.0800753 3.43343
160300 0.0801253 3.4276
160400 0.0801753 3.44627
160500 0.0802253 3.45025
160600 0.0802753 3.45232
160700 0.0803253 3.45794
160800 0.0803753 3.46107
160900 0.0804253 3.44835
161000 0.0804753 3.43388
161100 0.0805253 3.44285
161200 0.0805753 3.43671
161300 0.0806253 3.41602
161400 0.0806753 3.40928
161500 0.0807253 3.41774
161600 0.0807753 3.41912
161700 0.0808253 3.40807
161800 0.0808753 3.42291
161900 0.0809253 3.43612
162000 0.0809753 3.43636
162100 0.0810252 3.44042
162200 0.0810753 3.44727
162300 0.0811253 3.48275
162400 0.0811753 3.4768
162500 0.0812253 3.49206
162600 0.0812753 3.48613
162700 0.0813253 3.47921
162800 0.0813753 3.49326
162900 0.0814253 3.48781
163000 0.0814753 3.48392
163100 0.0815253 3.49148
163200 0.0815753 3.48948
163300 0.0816253 3.49297
163400 0.0816753 3.46671
163500 0.0817252 3.47782
163600 0.0817753 3.46943
163700 0.0818253 3.46292
163800 0.0818753 3.46877
163900 0.0819253 3.46812
164000 0.0819753 3.47657
164100 0.0820253 3.49628
164200 0.0820753 3.50528
164300 0.0821253 3.50693
164400 0.0821753 3.51277
164500 0.0822253 3.52431
164600 0.0822753 3.51996
164700 0.0823253 3.5173
164800 0.0823752 3.52847
164900 0.0824253 3.53574
165000 0.0824753 3.5384
165100 0.0825253 3.53535
165200 0.0825753 3.53827
165300 0.0826253 3.54513
165400 0.0826753 3.54733
165500 0.0827253 3.53667
165600 0.0827753 3.52933
165700 0.0828253 3.53015
165800 0.0828753 3.52308
165900 0.0829253 3.51429
166000 0.0829753 3.51792
166100 0.0830253 3.51869
166200 0.0830753 3.52737
166300 0.0831253 3.54018
166400 0.0831753 3.52285
166500 0.0832253 3.53255
166600 0.0832753 3.5426
166700 0.0833253 3.54968
166800 0.0833753 3.56196
166900 0.0834253 3.57865
167000 0.0834753 3.59169
167100 0.0835253 3.6048
167200 0.0835753 3.61516
167300 0.0836253 3.60982
167400 0.0836753 3.59975
167500 0.0837253 3.58629
167600 0.0837753 3.57292
167700 0.0838252 3.5814
167800 0.0838753 3.5788
167900 0.0839253 3.59349
168000 0.0839753 3.59529
168100 0.0840253 3.57082
168200 0.0840753 3.56894
168300 0.0841253 3.57243
168400 0.0841753 3.56669
168500 0.0842253 3.56758
168600 0.0842753 3.5741
168700 0.0843253 3.59666
168800 0.0843753 3.60665
168900 0.0844253 3.62656
169000 0.0844753 3.6261
169100 0.0845253 3.60759
169200 0.0845753 3.61135
169300 0.0846253 3.62474
169400 0.0846753 3.62883
169500 0.0847253 3.62932
169600 0.0847753 3.63401
169700 0.0848253 3.63409
169800 0.0848753 3.63989
169900 0.0849253 3.65968
170000 0.0849753 3.66082
170100 0.0850253 3.64135
170200 0.0850753 3.62355
170300 0.0851253 3.62625
170400 0.0851753 3.6142
170500 0.0852253 3.60666
170600 0.0852753 3.62804
170700 0.0853252 3.63558
170800 0.0853753 3.64335
170900 0.0854253 3.62329
171000 0.0854753 3.64416
171100 0.0855253 3.668
171200 0.0855753 3.64633
171300 0.0856253 3.65541
171400 0.0856753 3.6813
171500 0.0857253 3.67776
171600 0.0857753 3.67952
171700 0.0858253 3.71049
171800 0.0858753 3.71318
171900 0.0859253 3.70511
172000 0.0859753 3.69726
172100 0.0860253 3.68619
172200 0.0860753 3.6662
172300 0.0861253 3.67773
172400 0.0861753 3.66237
172500 0.0862253 3.69039
172600 0.0862753 3.68018
172700 0.0863253 3.67243
172800 0.0863753 3.67986
172900 0.0864253 3.67751
173000 0.0864753 3.65545
173100 0.0865253 3.65963
173200 0.0865753 3.64913
173300 0.0866253 3.67745
173400 0.0866753 3.68896
173500 0.0867253 3.73473
173600 0.0867753 3.71577
173700 0.0868253 3.72935
173800 0.0868753 3.72036
173900 0.0869253 3.72757
174000 0.0869753 3.72434
174100 0.0870253 3.74609
174200 0.0870753 3.74466
174300 0.0871253 3.75253
174400 0.0871753 3.72908
174500 0.0872253 3.72778
174600 0.0872753 3.72108
174700 0.0873253 3.73686
174800 0.0873753 3.73967
174900 0.0874253 3.72844
175000 0.0874753 3.70126
175100 0.0875253 3.68952
175200 0.0875753 3.7152
175300 0.0876253 3.71496
175400 0.0876753 3.73163
175500 0.0877253 3.73407
175600 0.0877753 3.7302
175700 0.0878253 3.75412
175800 0.0878753 3.7664
175900 0.0879253 3.76955
176000 0.0879753 3.78614
176100 0.0880253 3.77993
176200 0.0880753 3.78011
176300 0.0881253 3.77315
176400 0.0881752 3.78021
176500 0.0882253 3.79999
176600 0.0882753 3.81835
176700 0.0883253 3.79871
176800 0.0883753 3.78259
176900 0.0884252 3.77647
177000 0.0884753 3.77413
177100 0.0885253 3.77278
177200 0.0885753 3.77433
177300 0.0886253 3.75069
177400 0.0886753 3.75067
177500 0.0887253 3.75636
177600 0.0887753 3.78153
177700 0.0888253 3.77365
177800 0.0888753 3.78344
177900 0.0889253 3.77342
178000 0.0889753 3.78222
178100 0.0890253 3.79647
178200 0.0890753 3.81527
178300 0.0891253 3.85771
178400 0.0891753 3.83837
178500 0.0892253 3.84467
178600 0.0892753 3.83364
178700 0.0893253 3.83208
178800 0.0893753 3.83802
178900 0.0894253 3.84218
179000 0.0894753 3.80944
179100 0.0895253 3.83353
179200 0.0895753 3.84591
179300 0.0896253 3.83761
179400 0.0896753 3.82562
179500 0.0897253 3.82947
179600 0.0897753 3.81133
179700 0.0898253 3.79617
179800 0.0898753 3.8052
179900 0.0899253 3.81587
180000 0.0899753 3.83347
180100 0.0900253 3.83443
180200 0.0900753 3.82635
180300 0.0901253 3.84008
180400 0.0901753 3.84303
180500 0.0902253 3.85793
180600 0.0902753 3.8922
180700 0.0903253 3.90088
180800 0.0903753 3.90683
180900 0.0904253 3.87476
181000 0.0904753 3.87216
181100 0.0905253 3.88556
181200 0.0905753 3.89868
181300 0.0906253 3.89304
181400 0.0906753 3.88941
181500 0.0907253 3.85213
181600 0.0907753 3.83745
181700 0.0908253 3.83377
181800 0.0908753 3.84454
181900 0.0909252 3.8529
182000 0.0909753 3.8635
182100 0.0910253 3.84465
182200 0.0910753 3.85136
182300 0.0911253 3.87844
182400 0.0911753 3.89595
182500 0.0912253 3.91606
182600 0.0912753 3.91187
182700 0.0913253 3.9079
182800 0.0913753 3.93013
182900 0.0914253 3.94582
183000 0.0914753 3.95471
183100 0.0915253 3.95533
183200 0.0915753 3.95522
183300 0.0916253 3.93587
183400 0.0916753 3.93091
183500 0.0917253 3.93726
183600 0.0917753 3.94442
183700 0.0918253 3.93919
183800 0.0918753 3.93749
183900 0.0919253 3.91713
184000 0.0919753 3.89457
184100 0.0920253 3.90321
184200 0.0920753 3.91575
184300 0.0921252 3.92823
184400 0.0921753 3.90435
184500 0.0922253 3.91608
184600 0.0922753 3.92303
184700 0.0923253 3.94891
184800 0.0923753 3.95423
184900 0.0924253 3.97332
185000 0.0924753 3.97381
185100 0.0925253 3.96992
185200 0.0925753 3.98597
185300 0.0926253 3.98295
185400 0.0926753 3.99212
185500 0.0927252 3.99763
185600 0.0927753 3.99277
185700 0.0928253 3.96527
185800 0.0928753 3.97368
185900 0.0929253 3.96788
186000 0.0929753 3.97413
186100 0.0930253 3.96173
186200 0.0930753 3.95922
186300 0.0931253 3.95484
186400 0.0931753 3.95187
186500 0.0932253 3.96582
186600 0.0932753 3.97771
186700 0.0933253 3.98511
186800 0.0933753 3.98285
186900 0.0934253 3.96876
187000 0.0934753 3.98358
187100 0.0935253 3.98454
187200 0.0935753 4.02468
187300 0.0936252 4.03582
187400 0.0936753 4.03329
187500 0.0937253 4.02761
187600 0.0937753 4.02013
187700 0.0938253 4.02766
187800 0.0938753 4.03909
187900 0.0939253 4.05584
188000 0.0939753 4.04542
188100 0.0940253 4.00608
188200 0.0940753 4.00899
188300 0.0941253 4.01008
188400 0.0941753 4.01425
188500 0.0942253 4.00621
188600 0.0942753 4.02033
188700 0.0943253 3.99189
188800 0.0943753 4.00269
188900 0.0944253 4.0006
189000 0.0944753 4.0031
189100 0.0945253 4.01197
189200 0.0945753 4.01478
189300 0.0946253 4.01414
189400 0.0946753 4.04819
189500 0.0947253 4.06132
189600 0.0947753 4.07823
189700 0.0948253 4.08172
189800 0.0948753 4.08871
189900 0.0949253 4.09369
190000 0.0949753 4.08315
190100 0.0950253 4.08369
190200 0.0950753 4.08756
190300 0.0951253 4.09904
190400 0.0951753 4.08398
190500 0.0952253 4.06846
190600 0.0952753 4.06652
190700 0.0953253 4.04964
190800 0.0953753 4.06606
190900 0.0954253 4.06961
191000 0.0954753 4.05895
191100 0.0955253 4.06085
191200 0.0955753 4.05668
191300 0.0956253 4.06454
191400 0.0956753 4.07289
191500 0.0957252 4.07703
191600 0.0957753 4.08825
191700 0.0958253 4.11332
191800 0.0958753 4.12564
191900 0.0959253 4.12591
192000 0.0959753 4.13653
192100 0.0960253 4.14201
192200 0.0960753 4.14727
192300 0.0961253 4.14336
192400 0.0961753 4.13508
192500 0.0962253 4.1346
192600 0.0962753 4.14117
192700 0.0963253 4.13303
192800 0.0963753 4.14388
192900 0.0964253 4.11894
193000 0.0964753 4.10974
193100 0.0965253 4.10759
193200 0.0965753 4.11343
193300 0.0966253 4.10923
193400 0.0966753 4.11488
193500 0.0967253 4.12292
193600 0.0967753 4.12252
193700 0.0968253 4.12885
193800 0.0968753 4.14272
193900 0.0969253 4.14288
194000 0.0969753 4.1494
194100 0.0970253 4.16225
194200 0.0970753 4.17387
194300 0.0971253 4.18395
194400 0.0971753 4.19625
194500 0.0972253 4.21174
194600 0.0972753 4.2055
194700 0.0973253 4.22849
194800 0.0973753 4.2168
194900 0.0974253 4.20547
195000 0.0974753 4.18692
195100 0.0975253 4.18122
195200 0.0975753 4.17256
195300 0.0976253 4.17291
195400 0.0976753 4.19755
195500 0.0977253 4.17552
195600 0.0977753 4.16651
195700 0.0978253 4.16561
195800 0.0978753 4.17313
195900 0.0979253 4.17676
196000 0.0979753 4.18735
196100 0.0980253 4.17947
196200 0.0980753 4.1988
196300 0.0981253 4.22522
196400 0.0981753 4.24204
196500 0.0982253 4.25306
196600 0.0982753 4.23982
196700 0.0983253 4.24768
196800 0.0983753 4.23476
196900 0.0984253 4.25324
197000 0.0984753 4.25055
197100 0.0985253 4.25378
197200 0.0985753 4.23429
197300 0.0986253 4.23955
197400 0.0986753 4.25954
197500 0.0987253 4.21983
197600 0.0987753 4.22201
197700 0.0988253 4.21915
197800 0.0988753 4.21583
197900 0.0989253 4.20852
198000 0.0989753 4.22094
198100 0.0990253 4.23582
198200 0.0990753 4.25545
198300 0.0991253 4.25868
198400 0.0991753 4.25514
198500 0.0992253 4.25924
198600 0.0992753 4.27646
198700 0.0993253 4.27408
198800 0.0993753 4.27321
198900 0.0994253 4.26981
199000 0.0994753 4.29034
199100 0.0995253 4.2889
199200 0.0995753 4.28877
199300 0.0996253 4.28584
199400 0.0996753 4.29748
199500 0.0997253 4.29042
199600 0.0997753 4.28308
199700 0.0998253 4.27535
199800 0.0998753 4.27033
199900 0.0999252 4.27711
200000 0.0999753 4.27422
200100 0.100025 4.28397
200200 0.100075 4.25719
200300 0.100125 4.28551
200400 0.100175 4.31145
200500 0.100225 4.28632
200600 0.100275 4.30546
200700 0.100325 4.29616
200800 0.100375 4.31243
200900 0.100425 4.30872
201000 0.100475 4.30802
201100 0.100525 4.34468
201200 0.100575 4.36414
201300 0.100625 4.3614
201400 0.100675 4.33264
201500 0.100725 4.33314
201600 0.100775 4.32631
201700 0.100825 4.32301
201800 0.100875 4.31447
201900 0.100925 4.33697
202000 0.100975 4.33181
202100 0.101025 4.33354
202200 0.101075 4.33928
202300 0.101125 4.31616
202400 0.101175 4.32977
202500 0.101225 4.33343
202600 0.101275 4.32168
202700 0.101325 4.33547
202800 0.101375 4.33465
202900 0.101425 4.36289
203000 0.101475 4.36952
203100 0.101525 4.37781
203200 0.101575 4.35941
203300 0.101625 4.34876
203400 0.101675 4.35984
203500 0.101725 4.38222
203600 0.101775 4.3847
203700 0.101825 4.39146
203800 0.101875 4.40012
203900 0.101925 4.36909
204000 0.101975 4.37815
204100 0.102025 4.36841
204200 0.102075 4.37203
204300 0.102125 4.3916
204400 0.102175 4.36936
204500 0.102225 4.34291
204600 0.102275 4.36106
204700 0.102325 4.37216
204800 0.102375 4.41199
204900 0.102425 4.39333
205000 0.102475 4.38771
205100 0.102525 4.37319
205200 0.102575 4.38239
205300 0.102625 4.38425
205400 0.102675 4.40975
205500 0.102725 4.41326
205600 0.102775 4.41482
205700 0.102825 4.41811
205800 0.102875 4.40289
205900 0.102925 4.43493
206000 0.102975 4.43985
206100 0.103025 4.43383
206200 0.103075 4.41074
206300 0.103125 4.41159
206400 0.103175 4.40723
206500 0.103225 4.41257
206600 0.103275 4.43603
206700 0.103325 4.42749
206800 0.103375 4.44044
206900 0.103425 4.44247
207000 0.103475 4.43053
207100 0.103525 4.43155
207200 0.103575 4.43672
207300 0.103625 4.4443
207400 0.103675 4.4533
207500 0.103725 4.44348
207600 0.103775 4.47284
207700 0.103825 4.48417
207800 0.103875 4.49448
207900 0.103925 4.48714
208000 0.103975 4.48088
208100 0.104025 4.45804
208200 0.104075 4.45186
208300 0.104125 4.4499
208400 0.104175 4.46566
208500 0.104225 4.45053
208600 0.104275 4.46418
208700 0.104325 4.48154
208800 0.104375 4.47538
208900 0.104425 4.4597
209000 0.104475 4.47014
209100 0.104525 4.47314
209200 0.104575 4.47847
209300 0.104625 4.50004
209400 0.104675 4.4847
209500 0.104725 4.46851
209600 0.104775 4.48223
209700 0.104825 4.49404
209800 0.104875 4.49935
209900 0.104925 4.48926
210000 0.104975 4.50739
210100 0.105025 4.5163
210200 0.105075 4.52861
210300 0.105125 4.54006
210400 0.105175 4.53036
210500 0.105225 4.52674
210600 0.105275 4.53149
210700 0.105325 4.51566
210800 0.105375 4.50136
210900 0.105425 4.5059
211000 0.105475 4.51939
211100 0.105525 4.52107
211200 0.105575 4.51739
211300 0.105625 4.51898
211400 0.105675 4.52737
211500 0.105725 4.52954
211600 0.105775 4.53021
211700 0.105825 4.53494
211800 0.105875 4.53954
211900 0.105925 4.55269
212000 0.105975 4.54667
212100 0.106025 4.56326
212200 0.106075 4.58309
212300 0.106125 4.5755
212400 0.106175 4.58072
212500 0.106225 4.56285
212600 0.106275 4.5696
212700 0.106325 4.57319
212800 0.106375 4.55934
212900 0.106425 4.5525
213000 0.106475 4.54468
213100 0.106525 4.57626
213200 0.106575 4.57328
213300 0.106625 4.57637
213400 0.106675 4.58363
213500 0.106725 4.57694
213600 0.106775 4.5606
213700 0.106825 4.56431
213800 0.106875 4.57813
213900 0.106925 4.57641
214000 0.106975 4.58574
214100 0.107025 4.60392
214200 0.107075 4.60187
214300 0.107125 4.59678
214400 0.107175 4.60457
214500 0.107225 4.61684
214600 0.107275 4.62421
214700 0.107325 4.61844
214800 0.107375 4.63349
214900 0.107425 4.63639
215000 0.107475 4.62081
215100 0.107525 4.63565
215200 0.107575 4.63724
215300 0.107625 4.63448
215400 0.107675 4.63587
215500 0.107725 4.61443
215600 0.107775 4.62338
215700 0.107825 4.62419
215800 0.107875 4.61726
215900 0.107925 4.6249
216000 0.107975 4.62769
216100 0.108025 4.62036
216200 0.108075 4.62185
216300 0.108125 4.62808
216400 0.108175 4.65122
216500 0.108225 4.66202
216600 0.108275 4.66194
216700 0.108325 4.6526
216800 0.108375 4.6738
216900 0.108425 4.66896
217000 0.108475 4.68526
217100 0.108525 4.68796
217200 0.108575 4.68589
217300 0.108625 4.66961
217400 0.108675 4.66601
217500 0.108725 4.66947
217600 0.108775 4.67985
217700 0.108825 4.66269
217800 0.108875 4.67273
217900 0.108925 4.67811
218000 0.108975 4.68167
218100 0.109025 4.68183
218200 0.109075 4.66818
218300 0.109125 4.68354
218400 0.109175 4.676
218500 0.109225 4.694
218600 0.109275 4.69283
218700 0.109325 4.7121
218800 0.109375 4.72517
218900 0.109425 4.71213
219000 0.109475 4.70512
219100 0.109525 4.69652
219200 0.109575 4.72915
219300 0.109625 4.71088
219400 0.109675 4.71761
219500 0.109725 4.71393
219600 0.109775 4.728
219700 0.109825 4.72311
219800 0.109875 4.72443
219900 0.109925 4.73525
220000 0.109975 4.72756
220100 0.110025 4.73546
220200 0.110075 4.7355
220300 0.110125 4.69952
220400 0.110175 4.71314
220500 0.110225 4.72107
220600 0.110275 4.74322
220700 0.110325 4.75741
220800 0.110375 4.75283
220900 0.110425 4.76075
221000 0.110475 4.77264
221100 0.110525 4.7725
221200 0.110575 4.77227
221300 0.110625 4.77209
221400 0.110675 4.76337
221500 0.110725 4.76849
221600 0.110775 4.78527
221700 0.110825 4.7884
221800 0.110875 4.78576
221900 0.110925 4.79017
222000 0.110975 4.78267
222100 0.111025 4.7636
222200 0.111075 4.76522
222300 0.111125 4.76175
222400 0.111175 4.76957
222500 0.111225 4.78397
222600 0.111275 4.79878
222700 0.111325 4.797
222800 0.111375 4.77749
222900 0.111425 4.79148
223000 0.111475 4.80837
223100 0.111525 4.80866
223200 0.111575 4.82274
223300 0.111625 4.79911
223400 0.111675 4.8103
223500 0.111725 4.79155
223600 0.111775 4.81489
223700 0.111825 4.81983
223800 0.111875 4.81387
223900 0.111925 4.79793
224000 0.111975 4.80319
224100 0.112025 4.8143
224200 0.112075 4.82995
224300 0.112125 4.82584
224400 0.112175 4.83428
224500 0.112225 4.83746
224600 0.112275 4.83232
224700 0.112325 4.8384
224800 0.112375 4.8284
224900 0.112425 4.83531
225000 0.112475 4.84112
225100 0.112525 4.84181
225200 0.112575 4.85201
225300 0.112625 4.84363
225400 0.112675 4.86183
225500 0.112725 4.86071
225600 0.112775 4.84626
225700 0.112825 4.85928
225800 0.112875 4.85329
225900 0.112925 4.8543
226000 0.112975 4.84574
226100 0.113025 4.83473
226200 0.113075 4.86773
226300 0.113125 4.86599
226400 0.113175 4.881
226500 0.113225 4.87488
226600 0.113275 4.87772
226700 0.113325 4.86612
226800 0.113375 4.8866
226900 0.113425 4.8901
227000 0.113475 4.89148
227100 0.113525 4.87741
227200 0.113575 4.87213
227300 0.113625 4.88435
227400 0.113675 4.9032
227500 0.113725 4.90805
227600 0.113775 4.92028
227700 0.113825 4.91244
227800 0.113875 4.91326
227900 0.113925 4.91342
228000 0.113975 4.90173
228100 0.114025 4.91536
228200 0.114075 4.91664
228300 0.114125 4.91241
228400 0.114175 4.92941
228500 0.114225 4.93086
228600 0.114275 4.91916
228700 0.114325 4.91805
228800 0.114375 4.91143
228900 0.114425 4.92831
229000 0.114475 4.94201
229100 0.114525 4.91949
229200 0.114575 4.9364
229300 0.114625 4.94406
229400 0.114675 4.97247
229500 0.114725 4.95391
229600 0.114775 4.9503
229700 0.114825 4.94368
229800 0.114875 4.95592
229900 0.114925 4.95151
230000 0.114975 4.93789
230100 0.115025 4.93797
230200 0.115075 4.95331
230300 0.115125 4.96853
230400 0.115175 4.97954
230500 0.115225 4.97706
230600 0.115275 4.97146
230700 0.115325 4.96787
230800 0.115375 4.96747
230900 0.115425 4.95822
231000 0.115475 4.95721
231100 0.115525 4.95634
231200 0.115575 4.98578
231300 0.115625 4.98897
231400 0.115675 4.98274
231500 0.115725 5.0014
231600 0.115775 5.00043
231700 0.115825 4.98522
231800 0.115875 4.98915
231900 0.115925 4.99857
232000 0.115975 5.01398
232100 0.116025 5.02858
232200 0.116075 5.0421
232300 0.116125 5.03473
232400 0.116175 5.01044
232500 0.116225 5.00163
232600 0.116275 5.0032
232700 0.116325 5.00651
232800 0.116375 5.00873
232900 0.116425 5.00966
233000 0.116475 5.02155
233100 0.116525 5.02316
233200 0.116575 5.03155
233300 0.116625 5.03482
233400 0.116675 5.01796
233500 0.116725 5.03167
233600 0.116775 5.0247
233700 0.116825 5.04891
233800 0.116875 5.04341
233900 0.116925 5.05079
234000 0.116975 5.05287
234100 0.117025 5.05414
234200 0.117075 5.06682
234300 0.117125 5.07132
234400 0.117175 5.07986
234500 0.117225 5.0825
234600 0.117275 5.07246
234700 0.117325 5.06961
234800 0.117375 5.06577
234900 0.117425 5.06701
235000 0.117475 5.08594
235100 0.117525 5.09599
235200 0.117575 5.09014
235300 0.117625 5.07528
235400 0.117675 5.08324
235500 0.117725 5.10684
235600 0.117775 5.10557
235700 0.117825 5.08834
235800 0.117875 5.08701
235900 0.117925 5.07911
236000 0.117975 5.09343
236100 0.118025 5.11145
236200 0.118075 5.10957
236300 0.118125 5.11376
236400 0.118175 5.11394
236500 0.118225 5.10687
236600 0.118275 5.10514
236700 0.118325 5.11725
236800 0.118375 5.13828
236900 0.118425 5.12663
237000 0.118475 5.12511
237100 0.118525 5.12846
237200 0.118575 5.12556
237300 0.118625 5.13271
237400 0.118675 5.12795
237500 0.118725 5.12185
237600 0.118775 5.12644
237700 0.118825 5.12095
237800 0.118875 5.15093
237900 0.118925 5.13583
238000 0.118975 5.13734
238100 0.119025 5.15546
238200 0.119075 5.14806
238300 0.119125 5.14526
238400 0.119175 5.13347
238500 0.119225 5.15063
238600 0.119275 5.16908
238700 0.119325 5.17394
238800 0.119375 5.18244
238900 0.119425 5.16831
239000 0.119475 5.19324
239100 0.119525 5.19473
239200 0.119575 5.18671
239300 0.119625 5.17753
239400 0.119675 5.16506
239500 0.119725 5.16662
239600 0.119775 5.16944
239700 0.119825 5.16493
239800 0.119875 5.20105
239900 0.119925 5.21138
240000 0.119975 5.21963
240100 0.120025 5.20495
240200 0.120075 5.17744
240300 0.120125 5.1787
240400 0.120175 5.18925
240500 0.120225 5.19939
240600 0.120275 5.208
240700 0.120325 5.24257
240800 0.120375 5.21831
240900 0.120425 5.22846
241000 0.120475 5.22788
241100 0.120525 5.21061
241200 0.120575 5.20177
241300 0.120625 5.22461
241400 0.120675 5.1846
241500 0.120725 5.22235
241600 0.120775 5.25756
241700 0.120825 5.26798
241800 0.120875 5.26593
241900 0.120925 5.24062
242000 0.120975 5.21045
242100 0.121025 5.24206
242200 0.121075 5.25361
242300 0.121125 5.24949
242400 0.121175 5.25172
242500 0.121225 5.26177
242600 0.121275 5.28434
242700 0.121325 5.28405
242800 0.121375 5.27582
242900 0.121425 5.24012
243000 0.121475 5.23781
243100 0.121525 5.23605
243200 0.121575 5.26939
243300 0.121625 5.27987
243400 0.121675 5.28709
243500 0.121725 5.29847
243600 0.121775 5.29409
243700 0.121825 5.284
243800 0.121875 5.28353
243900 0.121925 5.28238
244000 0.121975 5.28248
244100 0.122025 5.26058
244200 0.122075 5.27169
244300 0.122125 5.27272
244400 0.122175 5.28559
244500 0.122225 5.32143
244600 0.122275 5.31123
244700 0.122325 5.3074
244800 0.122375 5.30045
244900 0.122425 5.30283
245000 0.122475 5.30201
245100 0.122525 5.30998
245200 0.122575 5.3053
245300 0.122625 5.31519
245400 0.122675 5.31431
245500 0.122725 5.32057
245600 0.122775 5.34215
245700 0.122825 5.35288
245800 0.122875 5.33814
245900 0.122925 5.32998
246000 0.122975 5.32021
246100 0.123025 5.31827
246200 0.123075 5.32896
246300 0.123125 5.34294
246400 0.123175 5.37205
246500 0.123225 5.36832
246600 0.123275 5.34269
246700 0.123325 5.3002
246800 0.123375 5.32846
246900 0.123425 5.32892
247000 0.123475 5.32483
247100 0.123525 5.35395
247200 0.123575 5.35475
247300 0.123625 5.37838
247400 0.123675 5.36004
247500 0.123725 5.34601
247600 0.123775 5.37202
247700 0.123825 5.4029
247800 0.123875 5.4035
247900 0.123925 5.39637
248000 0.123975 5.37078
248100 0.124025 5.35899
248200 0.124075 5.36598
248300 0.124125 5.3777
248400 0.124175 5.41575
248500 0.124225 5.39477
248600 0.124275 5.38166
248700 0.124325 5.37716
248800 0.124375 5.37914
248900 0.124425 5.38605
249000 0.124475 5.38402
249100 0.124525 5.37258
249200 0.124575 5.3831
249300 0.124625 5.40871
249400 0.124675 5.39278
249500 0.124725 5.40036
249600 0.124775 5.40707
249700 0.124825 5.40573
249800 0.124875 5.41209
249900 0.124925 5.40724
250000 0.124975 5.40711
250100 0.125025 5.42928
250200 0.125075 5.45909
250300 0.125125 5.46083
250400 0.125175 5.44852
250500 0.125225 5.45848
250600 0.125275 5.47463
250700 0.125325 5.47348
250800 0.125375 5.44754
250900 0.125425 5.43477
251000 0.125475 5.46578
251100 0.125525 5.44637
251200 0.125575 5.42526
251300 0.125625 5.44883
251400 0.125675 5.45212
251500 0.125725 5.44122
251600 0.125775 5.43322
251700 0.125825 5.432
251800 0.125875 5.43719
251900 0.125925 5.46078
252000 0.125975 5.45154
252100 0.126025 5.46633
252200 0.126075 5.4749
252300 0.126125 5.49171
252400 0.126175 5.51189
252500 0.126225 5.47985
252600 0.126275 5.48374
252700 0.126325 5.48379
252800 0.126375 5.53041
252900 0.126425 5.49191
253000 0.126475 5.48124
253100 0.126525 5.49927
253200 0.126575 5.49485
253300 0.126625 5.50503
253400 0.126675 5.50107
253500 0.126725 5.48998
253600 0.126775 5.47728
253700 0.126825 5.49447
253800 0.126875 5.49029
253900 0.126925 5.49338
254000 0.126975 5.50281
254100 0.127025 5.5106
254200 0.127075 5.50252
254300 0.127125 5.51834
254400 0.127175 5.51577
254500 0.127225 5.53002
254600 0.127275 5.53258
254700 0.127325 5.52575
254800 0.127375 5.52396
254900 0.127425 5.53711
255000 0.127475 5.54739
255100 0.127525 5.54031
255200 0.127575 5.53871
255300 0.127625 5.55961
255400 0.127675 5.56737
255500 0.127725 5.54964
255600 0.127775 5.52579
255700 0.127825 5.50811
255800 0.127875 5.54823
255900 0.127925 5.5546
256000 0.127975 5.54543
256100 0.128025 5.54808
256200 0.128075 5.56031
256300 0.128125 5.54884
256400 0.128175 5.55357
256500 0.128225 5.55632
256600 0.128275 5.57316
256700 0.128325 5.56996
256800 0.128375 5.5577
256900 0.128425 5.57686
257000 0.128475 5.60294
257100 0.128525 5.60344
257200 0.128575 5.62123
257300 0.128625 5.62313
257400 0.128675 5.60808
257500 0.128725 5.58298
257600 0.128775 5.57903
257700 0.128825 5.58495
257800 0.128875 5.58515
257900 0.128925 5.60309
258000 0.128975 5.60936
258100 0.129025 5.5967
258200 0.129075 5.59549
258300 0.129125 5.58914
258400 0.129175 5.57149
258500 0.129225 5.56016
258600 0.129275 5.57812
258700 0.129325 5.61653
258800 0.129375 5.62305
258900 0.129425 5.64405
259000 0.129475 5.6392
259100 0.129525 5.63687
259200 0.129575 5.62224
259300 0.129625 5.63906
259400 0.129675 5.6492
259500 0.129725 5.63215
259600 0.129775 5.64116
259700 0.129825 5.66285
259800 0.129875 5.66526
259900 0.129925 5.67155
260000 0.129975 5.6517
260100 0.130025 5.65097
260200 0.130075 5.64773
260300 0.130125 5.6346
260400 0.130175 5.64587
260500 0.130225 5.65042
260600 0.130275 5.64884
260700 0.130325 5.63451
260800 0.130375 5.64589
260900 0.130425 5.66561
261000 0.130475 5.67903
261100 0.130525 5.66977
261200 0.130575 5.67032
261300 0.130625 5.67504
261400 0.130675 5.66526
261500 0.130725 5.66589
261600 0.130775 5.65906
261700 0.130825 5.67934
261800 0.130875 5.70395
261900 0.130925 5.7051
262000 0.130975 5.7077
262100 0.131025 5.72218
262200 0.131075 5.70737
262300 0.131125 5.69556
262400 0.131175 5.70391
262500 0.131225 5.71789
262600 0.131275 5.70105
262700 0.131325 5.68516
262800 0.131375 5.69394
262900 0.131425 5.68999
263000 0.131475 5.7012
263100 0.131525 5.72428
263200 0.131575 5.71269
263300 0.131625 5.71098
263400 0.131675 5.68459
263500 0.131725 5.71101
263600 0.131775 5.71639
263700 0.131825 5.70026
263800 0.131875 5.73484
263900 0.131925 5.75715
264000 0.131975 5.77212
264100 0.132025 5.76106
264200 0.132075 5.75742
264300 0.132125 5.76256
264400 0.132175 5.75807
264500 0.132225 5.73898
264600 0.132275 5.7624
264700 0.132325 5.76945
264800 0.132375 5.77065
264900 0.132425 5.76545
265000 0.132475 5.75885
265100 0.132525 5.74812
265200 0.132575 5.74337
265300 0.132625 5.74795
265400 0.132675 5.75147
265500 0.132725 5.76598
265600 0.132775 5.76961
265700 0.132825 5.7677
265800 0.132875 5.7823
265900 0.132925 5.77728
266000 0.132975 5.79024
266100 0.133025 5.80119
266200 0.133075 5.78984
266300 0.133125 5.79697
266400 0.133175 5.80826
266500 0.133225 5.80548
266600 0.133275 5.81087
266700 0.133325 5.82209
266800 0.133375 5.83353
266900 0.133425 5.82782
267000 0.133475 5.82553
267100 0.133525 5.81329
267200 0.133575 5.80166
267300 0.133625 5.79912
267400 0.133675 5.77601
267500 0.133725 5.78807
267600 0.133775 5.80001
267700 0.133825 5.85568
267800 0.133875 5.8554
267900 0.133925 5.83203
268000 0.133975 5.82925
268100 0.134025 5.83051
268200 0.134075 5.83734
268300 0.134125 5.84142
268400 0.134175 5.86275
268500 0.134225 5.86053
268600 0.134275 5.85169
268700 0.134325 5.89339
268800 0.134375 5.89061
268900 0.134425 5.86939
269000 0.134475 5.84745
269100 0.134525 5.86871
269200 0.134575 5.86858
269300 0.134625 5.86553
269400 0.134675 5.89066
269500 0.134725 5.89847
269600 0.134775 5.88114
269700 0.134825 5.86222
269800 0.134875 5.87068
269900 0.134925 5.87634
270000 0.134975 5.86423
270100 0.135025 5.85904
270200 0.135075 5.86838
270300 0.135125 5.88802
270400 0.135175 5.89962
270500 0.135225 5.88891
270600 0.135275 5.89577
270700 0.135325 5.90306
270800 0.135375 5.90407
270900 0.135425 5.92002
271000 0.135475 5.91758
271100 0.135525 5.90983
271200 0.135575 5.92067
271300 0.135625 5.93595
271400 0.135675 5.90588
271500 0.135725 5.93601
271600 0.135775 5.9197
271700 0.135825 5.93062
271800 0.135875 5.92714
271900 0.135925 5.92391
272000 0.135975 5.9357
272100 0.136025 5.91912
272200 0.136075 5.9158
272300 0.136125 5.92162
272400 0.136175 5.92707
272500 0.136225 5.93356
272600 0.136275 5.95069
272700 0.136325 5.93358
272800 0.136375 5.92508
272900 0.136425 5.93931
273000 0.136475 5.94883
273100 0.136525 5.94521
273200 0.136575 5.95578
273300 0.136625 5.95463
273400 0.136675 5.95425
273500 0.136725 5.98705
273600 0.136775 5.99247
273700 0.136825 5.9869
273800 0.136875 5.99008
273900 0.136925 5.97807
274000 0.136975 5.96511
274100 0.137025 5.96279
274200 0.137075 5.97414
274300 0.137125 5.97651
274400 0.137175 5.9765
274500 0.137225 5.9624
274600 0.137275 5.98089
274700 0.137325 5.98107
274800 0.137375 5.97304
274900 0.137425 5.97703
275000 0.137475 5.96271
275100 0.137525 5.95622
275200 0.137575 5.99685
275300 0.137625 5.98665
275400 0.137675 6.01694
275500 0.137725 6.02656
275600 0.137775 6.02989
275700 0.137825 6.03992
275800 0.137875 6.03403
275900 0.137925 5.99978
276000 0.137975 6.00431
276100 0.138025 6.03955
276200 0.138075 6.04334
276300 0.138125 6.04559
276400 0.138175 6.02409
276500 0.138225 6.04158
276600 0.138275 6.02088
276700 0.138325 5.99976
276800 0.138375 5.99422
276900 0.138425 6.01409
277000 0.138475 6.00859
277100 0.138525 6.00775
277200 0.138575 6.01574
277300 0.138625 6.03565
277400 0.138675 6.04541
277500 0.138725 6.05776
277600 0.138775 6.07627
277700 0.138825 6.05484
277800 0.138875 6.06135
277900 0.138925 6.06572
278000 0.138975 6.05986
278100 0.139025 6.0719
278200 0.139075 6.09416
278300 0.139125 6.08084
278400 0.139175 6.0669
278500 0.139225 6.05894
278600 0.139275 6.0588
278700 0.139325 6.06168
278800 0.139375 6.0601
278900 0.139425 6.06207
279000 0.139475 6.03744
279100 0.139525 6.04302
279200 0.139575 6.08242
279300 0.139625 6.07771
279400 0.139675 6.09593
279500 0.139725 6.07434
279600 0.139775 6.07016
279700 0.139825 6.06455
279800 0.139875 6.0755
279900 0.139925 6.09116
280000 0.139975 6.09316
280100 0.140025 6.11206
280200 0.140075 6.11559
280300 0.140125 6.10698
280400 0.140175 6.12565
280500 0.140225 6.12006
280600 0.140275 6.12826
280700 0.140325 6.11685
280800 0.140375 6.12573
280900 0.140425 6.12173
281000 0.140475 6.11992
281100 0.140525 6.14038
281200 0.140575 6.14722
281300 0.140625 6.15282
281400 0.140675 6.11613
281500 0.140725 6.08886
281600 0.140775 6.10674
281700 0.140825 6.103
281800 0.140875 6.10935
281900 0.140925 6.13401
282000 0.140975 6.14254
282100 0.141025 6.12628
282200 0.141075 6.15425
282300 0.141125 6.15884
282400 0.141175 6.17111
282500 0.141225 6.1714
282600 0.141275 6.17607
282700 0.141325 6.18236
282800 0.141375 6.17249
282900 0.141425 6.17634
283000 0.141475 6.18287
283100 0.141525 6.17384
283200 0.141575 6.14403
283300 0.141625 6.14002
283400 0.141675 6.15275
283500 0.141725 6.1598
283600 0.141775 6.13418
283700 0.141825 6.13956
283800 0.141875 6.15984
283900 0.141925 6.15687
284000 0.141975 6.16532
284100 0.142025 6.18238
284200 0.142075 6.17641
284300 0.142125 6.17275
284400 0.142175 6.17348
284500 0.142225 6.19961
284600 0.142275 6.21699
284700 0.142325 6.20972
284800 0.142375 6.20915
284900 0.142425 6.20617
285000 0.142475 6.21766
285100 0.142525 6.2206
285200 0.142575 6.22289
285300 0.142625 6.23586
285400 0.142675 6.2046
285500 0.142725 6.23809
285600 0.142775 6.21548
285700 0.142825 6.21153
285800 0.142875 6.22153
285900 0.142925 6.23718
286000 0.142975 6.20932
286100 0.143025 6.19997
286200 0.143075 6.21306
286300 0.143125 6.2329
286400 0.143175 6.23897
286500 0.143225 6.24215
286600 0.143275 6.22864
286700 0.143325 6.22993
286800 0.143375 6.2182
286900 0.143425 6.22107
287000 0.143475 6.24098
287100 0.143525 6.25423
287200 0.143575 6.27106
287300 0.143625 6.26597
287400 0.143675 6.26917
287500 0.143725 6.28417
287600 0.143775 6.27183
287700 0.143825 6.27914
287800 0.143875 6.28377
287900 0.143925 6.28694
288000 0.143975 6.27279
288100 0.144025 6.27423
288200 0.144075 6.27249
288300 0.144125 6.24615
288400 0.144175 6.25121
288500 0.144225 6.25995
288600 0.144275 6.2771
288700 0.144325 6.28145
288800 0.144375 6.28861
288900 0.144425 6.30855
289000 0.144475 6.30591
289100 0.144525 6.29947
289200 0.144575 6.28468
289300 0.144625 6.27962
289400 0.144675 6.30187
289500 0.144725 6.32221
289600 0.144775 6.34435
289700 0.144825 6.34129
289800 0.144875 6.34938
289900 0.144925 6.33155
290000 0.144975 6.31918
290100 0.145025 6.31293
290200 0.145075 6.3091
290300 0.145125 6.31251
290400 0.145175 6.31555
290500 0.145225 6.29345
290600 0.145275 6.30428
290700 0.145325 6.3123
290800 0.145375 6.31229
290900 0.145425 6.30951
291000 0.145475 6.30751
291100 0.145525 6.31953
291200 0.145575 6.34272
291300 0.145625 6.33323
291400 0.145675 6.36819
291500 0.145725 6.36917
291600 0.145775 6.35598
291700 0.145825 6.3649
291800 0.145875 6.37534
291900 0.145925 6.37154
292000 0.145975 6.38335
292100 0.146025 6.38624
292200 0.146075 6.37912
292300 0.146125 6.35534
292400 0.146175 6.35517
292500 0.146225 6.35317
292600 0.146275 6.37634
292700 0.146325 6.37347
292800 0.146375 6.37743
292900 0.146425 6.37294
293000 0.146475 6.36086
293100 0.146525 6.35498
293200 0.146575 6.33215
293300 0.146625 6.35176
293400 0.146675 6.37659
293500 0.146725 6.38444
293600 0.146775 6.3792
293700 0.146825 6.38164
293800 0.146875 6.38076
293900 0.146925 6.40498
294000 0.146975 6.42964
294100 0.147025 6.40082
294200 0.147075 6.40723
294300 0.147125 6.39954
294400 0.147175 6.39814
294500 0.147225 6.40763
294600 0.147275 6.42558
294700 0.147325 6.43301
294800 0.147375 6.40274
294900 0.147425 6.40142
295000 0.147475 6.38936
295100 0.147525 6.38534
295200 0.147575 6.38166
295300 0.147625 6.40955
295400 0.147675 6.42604
295500 0.147725 6.44103
295600 0.147775 6.43705
295700 0.147825 6.4454
295800 0.147875 6.45605
295900 0.147925 6.44379
296000 0.147975 6.45661
296100 0.148025 6.45806
296200 0.148075 6.45567
296300 0.148125 6.44582
296400 0.148175 6.45806
296500 0.148225 6.49059
296600 0.148275 6.49507
296700 0.148325 6.47146
296800 0.148375 6.47173
296900 0.148425 6.48338
297000 0.148475 6.47809
297100 0.148525 6.49373
297200 0.148575 6.48717
297300 0.148625 6.49696
297400 0.148675 6.47031
297500 0.148725 6.45237
297600 0.148775 6.4811
297700 0.148825 6.47608
297800 0.148875 6.48013
297900 0.148925 6.47527
298000 0.148975 6.47814
298100 0.149025 6.47334
298200 0.149075 6.47988
298300 0.149125 6.49293
298400 0.149175 6.50462
298500 0.149225 6.5238
298600 0.149275 6.50185
298700 0.149325 6.49291
298800 0.149375 6.50744
298900 0.149425 6.52612
299000 0.149475 6.5378
299100 0.149525 6.54832
299200 0.149575 6.54246
299300 0.149625 6.53607
299400 0.149675 6.55856
299500 0.149725 6.56086
299600 0.149775 6.57566
299700 0.149825 6.5509
299800 0.149875 6.55537
299900 0.149925 6.53733
300000 0.149975 6.52576
300100 0.150025 6.51705
300200 0.150075 6.51156
300300 0.150125 6.51988
300400 0.150175 6.53631
300500 0.150225 6.54197
300600 0.150275 6.55545
300700 0.150325 6.56011
300800 0.150375 6.55807
300900 0.150425 6.57784
301000 0.150475 6.54383
301100 0.150525 6.54426
301200 0.150575 6.55476
301300 0.150625 6.58988
301400 0.150675 6.6065
301500 0.150725 6.60327
301600 0.150775 6.59211
301700 0.150825 6.59812
301800 0.150875 6.59821
301900 0.150925 6.60022
302000 0.150975 6.59458
302100 0.151025 6.59243
302200 0.151075 6.5894
302300 0.151125 6.5873
302400 0.151175 6.57089
302500 0.151225 6.57645
302600 0.151275 6.57958
302700 0.151325 6.5785
302800 0.151375 6.56941
302900 0.151425 6.57706
303000 0.151475 6.57269
303100 0.151525 6.59476
303200 0.151575 6.59393
303300 0.151625 6.62111
303400 0.151675 6.62924
303500 0.151725 6.63286
303600 0.151775 6.63294
303700 0.151825 6.65071
303800 0.151875 6.65223
303900 0.151925 6.62986
304000 0.151975 6.62636
304100 0.152025 6.62788
304200 0.152075 6.63036
304300 0.152125 6.61869
304400 0.152175 6.61575
304500 0.152225 6.61145
304600 0.152275 6.62002
304700 0.152325 6.63103
304800 0.152375 6.61187
304900 0.152425 6.6118
305000 0.152475 6.62576
305100 0.152525 6.63517
305200 0.152575 6.61203
305300 0.152625 6.62217
305400 0.152675 6.64333
305500 0.152725 6.65774
305600 0.152775 6.66544
305700 0.152825 6.67533
305800 0.152875 6.68822
305900 0.152925 6.69883
306000 0.152975 6.6995
306100 0.153025 6.70081
306200 0.153075 6.69
306300 0.153125 6.6831
306400 0.153175 6.69083
306500 0.153225 6.68214
306600 0.153275 6.67248
306700 0.153325 6.65943
306800 0.153375 6.66694
306900 0.153425 6.65532
307000 0.153475 6.66034
307100 0.153525 6.64905
307200 0.153575 6.66112
307300 0.153625 6.64851
307400 0.153675 6.68357
307500 0.153725 6.6752
307600 0.153775 6.6928
307700 0.153825 6.70658
307800 0.153875 6.69837
307900 0.153925 6.68655
308000 0.153975 6.71802
308100 0.154025 6.74485
308200 0.154075 6.7273
308300 0.154125 6.72313
308400 0.154175 6.73013
308500 0.154225 6.75198
308600 0.154275 6.74007
308700 0.154325 6.74763
308800 0.154375 6.72119
308900 0.154425 6.69267
309000 0.154475 6.69906
309100 0.154525 6.71187
309200 0.154575 6.70388
309300 0.154625 6.69188
309400 0.154675 6.71425
309500 0.154725 6.72555
309600 0.154775 6.6933
309700 0.154825 6.70866
309800 0.154875 6.71495
309900 0.154925 6.7546
310000 0.154975 6.76483
310100 0.155025 6.75839
310200 0.155075 6.76359
310300 0.155125 6.77349
310400 0.155175 6.76852
310500 0.155225 6.74666
310600 0.155275 6.76438
310700 0.155325 6.78328
310800 0.155375 6.82226
310900 0.155425 6.83582
311000 0.155475 6.80031
311100 0.155525 6.78071
311200 0.155575 6.7825
311300 0.155625 6.80007
311400 0.155675 6.7865
311500 0.155725 6.77085
311600 0.155775 6.7526
311700 0.155825 6.7427
311800 0.155875 6.75427
311900 0.155925 6.76028
312000 0.155975 6.76388
312100 0.156025 6.76606
312200 0.156075 6.77024
312300 0.156125 6.78871
312400 0.156175 6.81493
312500 0.156225 6.82306
312600 0.156275 6.80701
312700 0.156325 6.80487
312800 0.156375 6.83358
312900 0.156425 6.85953
313000 0.156475 6.87151
313100 0.156525 6.85329
313200 0.156575 6.85952
313300 0.156625 6.84692
313400 0.156675 6.83548
313500 0.156725 6.83959
313600 0.156775 6.83439
313700 0.156825 6.82057
313800 0.156875 6.84318
313900 0.156925 6.84904
314000 0.156975 6.83336
314100 0.157025 6.83757
314200 0.157075 6.82434
314300 0.157125 6.82876
314400 0.157175 6.82366
314500 0.157225 6.83604
314600 0.157275 6.83353
314700 0.157325 6.85956
314800 0.157375 6.89298
314900 0.157425 6.86855
315000 0.157475 6.86664
315100 0.157525 6.87077
315200 0.157575 6.88148
315300 0.157625 6.88793
315400 0.157675 6.88822
315500 0.157725 6.89983
315600 0.157775 6.89235
315700 0.157825 6.91944
315800 0.157875 6.91832
315900 0.157925 6.88942
316000 0.157975 6.86724
316100 0.158025 6.86086
316200 0.158075 6.86472
316300 0.158125 6.86801
316400 0.158175 6.84933
316500 0.158225 6.89013
316600 0.158275 6.90664
316700 0.158325 6.92265
316800 0.158375 6.9358
316900 0.158425 6.94565
317000 0.158475 6.9452
317100 0.158525 6.91741
317200 0.158575 6.89607
317300 0.158625 6.89567
317400 0.158675 6.91979
317500 0.158725 6.92887
317600 0.158775 6.94289
317700 0.158825 6.97236
317800 0.158875 6.96974
317900 0.158925 6.96338
318000 0.158975 6.94847
318100 0.159025 6.94556
318200 0.159075 6.95317
318300 0.159125 6.94823
318400 0.159175 6.94237
318500 0.159225 6.94388
318600 0.159275 6.93615
318700 0.159325 6.9243
318800 0.159375 6.90998
318900 0.159425 6.91537
319000 0.159475 6.93859
319100 0.159525 6.94417
319200 0.159575 6.96426
319300 0.159625 6.95531
319400 0.159675 6.97212
319500 0.159725 7.00503
319600 0.159775 7.01952
319700 0.159825 7.01622
319800 0.159875 6.99963
319900 0.159925 7.01847
320000 0.159975 7.01304
320100 0.160025 7.00107
320200 0.160075 6.98223
320300 0.160125 6.99063
320400 0.160175 6.99976
320500 0.160225 7.01819
320600 0.160275 7.0038
320700 0.160325 6.99751
320800 0.160375 6.98936
320900 0.160425 7.02057
321000 0.160475 6.99931
321100 0.160525 6.96837
321200 0.160575 6.98345
321300 0.160625 7.01111
321400 0.160675 7.01766
321500 0.160725 7.00665
321600 0.160775 7.01744
321700 0.160825 7.01764
321800 0.160875 7.0271
321900 0.160925 7.03538
322000 0.160975 7.02598
322100 0.161025 7.03829
322200 0.161075 7.06094
322300 0.161125 7.09982
322400 0.161175 7.09942
322500 0.161225 7.09998
322600 0.161275 7.06946
322700 0.161325 7.05415
322800 0.161375 7.06042
322900 0.161425 7.02898
323000 0.161475 7.03541
323100 0.161525 7.05274
323200 0.161575 7.03947
323300 0.161625 7.05766
323400 0.161675 7.05507
323500 0.161725 7.06076
323600 0.161775 7.06663
323700 0.161825 7.0458
323800 0.161875 7.05313
323900 0.161925 7.05524
324000 0.161975 7.08147
324100 0.162025 7.09254
324200 0.162075 7.09105
324300 0.162125 7.08234
324400 0.162175 7.09152
324500 0.162225 7.07986
324600 0.162275 7.1188
324700 0.162325 7.11628
324800 0.162375 7.1076
324900 0.162425 7.13552
325000 0.162475 7.14669
325100 0.162525 7.14387
325200 0.162575 7.13432
325300 0.162625 7.10876
325400 0.162675 7.10076
325500 0.162725 7.08113
325600 0.162775 7.06588
325700 0.162825 7.04547
325800 0.162875 7.05008
325900 0.162925 7.06325
326000 0.162975 7.06431
326100 0.163025 7.08717
326200 0.163075 7.086
326300 0.163125 7.10502
326400 0.163175 7.10927
326500 0.163225 7.12059
326600 0.163275 7.1249
326700 0.163325 7.11911
326800 0.163375 7.13042
326900 0.163425 7.12368
327000 0.163475 7.16386
327100 0.163525 7.14725
327200 0.163575 7.17051
327300 0.163625 7.1908
327400 0.163675 7.17308
327500 0.163725 7.18714
327600 0.163775 7.16668
327700 0.163825 7.1629
327800 0.163875 7.13917
327900 0.163925 7.12633
328000 0.163975 7.13539
328100 0.164025 7.13067
328200 0.164075 7.15964
328300 0.164125 7.1391
328400 0.164175 7.1366
328500 0.164225 7.12424
328600 0.164275 7.14921
328700 0.164325 7.16586
328800 0.164375 7.16877
328900 0.164425 7.16345
329000 0.164475 7.16291
329100 0.164525 7.17676
329200 0.164575 7.20119
329300 0.164625 7.20086
329400 0.164675 7.15834
329500 0.164725 7.18864
329600 0.164775 7.19418
329700 0.164825 7.1684
329800 0.164875 7.18063
329900 0.164925 7.1814
330000 0.164975 7.18768
330100 0.165025 7.20319
330200 0.165075 7.18635
330300 0.165125 7.18136
330400 0.165175 7.16192
330500 0.165225 7.14762
330600 0.165275 7.19599
330700 0.165325 7.19436
330800 0.165375 7.18212
330900 0.165425 7.20261
331000 0.165475 7.22232
331100 0.165525 7.23464
331200 0.165575 7.22119
331300 0.165625 7.2108
331400 0.165675 7.23826
331500 0.165725 7.21879
331600 0.165775 7.24088
331700 0.165825 7.23204
331800 0.165875 7.22222
331900 0.165925 7.22209
332000 0.165975 7.22563
332100 0.166025 7.22779
332200 0.166075 7.21208
332300 0.166125 7.21417
332400 0.166175 7.23292
332500 0.166225 7.2132
332600 0.166275 7.20802
332700 0.166325 7.21589
332800 0.166375 7.21598
332900 0.166425 7.19367
333000 0.166475 7.20704
333100 0.166525 7.23007
333200 0.166575 7.24964
333300 0.166625 7.26007
333400 0.166675 7.27747
333500 0.166725 7.28153
333600 0.166775 7.29458
333700 0.166825 7.2768
333800 0.166875 7.27496
333900 0.166925 7.28131
334000 0.166975 7.30703
334100 0.167025 7.32114
334200 0.167075 7.30466
334300 0.167125 7.29825
334400 0.167175 7.29252
334500 0.167225 7.28197
334600 0.167275 7.28215
334700 0.167325 7.27413
334800 0.167375 7.2726
334900 0.167425 7.2416
335000 0.167475 7.2476
335100 0.167525 7.24502
335200 0.167575 7.26086
335300 0.167625 7.29044
335400 0.167675 7.27714
335500 0.167725 7.2862
335600 0.167775 7.25339
335700 0.167825 7.25529
335800 0.167875 7.26858
335900 0.167925 7.26898
336000 0.167975 7.29486
336100 0.168025 7.30584
336200 0.168075 7.31957
336300 0.168125 7.35159
336400 0.168175 7.37429
336500 0.168225 7.37137
336600 0.168275 7.36952
336700 0.168325 7.36025
336800 0.168375 7.33133
336900 0.168425 7.32682
337000 0.168475 7.31294
337100 0.168525 7.30301
337200 0.168575 7.30966
337300 0.168625 7.31643
337400 0.168675 7.31132
337500 0.168725 7.32161
337600 0.168775 7.32074
337700 0.168825 7.33706
337800 0.168875 7.31221
337900 0.168925 7.32867
338000 0.168975 7.32072
338100 0.169025 7.35346
338200 0.169075 7.34386
338300 0.169125 7.3455
338400 0.169175 7.3528
338500 0.169225 7.3631
338600 0.169275 7.37102
338700 0.169325 7.38124
338800 0.169375 7.39577
338900 0.169425 7.38743
339000 0.169475 7.38984
339100 0.169525 7.40937
339200 0.169575 7.39323
339300 0.169625 7.39902
339400 0.169675 7.37229
339500 0.169725 7.37797
339600 0.169775 7.35721
339700 0.169825 7.36656
339800 0.169875 7.37456
339900 0.169925 7.40047
340000 0.169975 7.39126
340100 0.170025 7.40533
340200 0.170075 7.39979
340300 0.170125 7.38306
340400 0.170175 7.36401
340500 0.170225 7.40246
340600 0.170275 7.41624
340700 0.170325 7.40824
340800 0.170375 7.40403
340900 0.170425 7.41716
341000 0.170475 7.4375
341100 0.170525 7.45116
341200 0.170575 7.46309
341300 0.170625 7.4537
341400 0.170675 7.47134
341500 0.170725 7.45525
341600 0.170775 7.43024
341700 0.170825 7.42269
341800 0.170875 7.41636
341900 0.170925 7.39307
342000 0.170975 7.39455
342100 0.171025 7.42014
342200 0.171075 7.41221
342300 0.171125 7.40639
342400 0.171175 7.42669
342500 0.171225 7.44261
342600 0.171275 7.46379
342700 0.171325 7.4673
342800 0.171375 7.45299
342900 0.171425 7.44512
343000 0.171475 7.42842
343100 0.171525 7.4409
343200 0.171575 7.48218
343300 0.171625 7.4764
343400 0.171675 7.46146
343500 0.171725 7.44617
343600 0.171775 7.46826
343700 0.171825 7.4697
343800 0.171875 7.46592
343900 0.171925 7.46247
344000 0.171975 7.47951
344100 0.172025 7.45408
344200 0.172075 7.44641
344300 0.172125 7.45383
344400 0.172175 7.4549
344500 0.172225 7.44619
344600 0.172275 7.43847
344700 0.172325 7.47022
344800 0.172375 7.46772
344900 0.172425 7.48055
345000 0.172475 7.51074
345100 0.172525 7.47932
345200 0.172575 7.47591
345300 0.172625 7.51944
345400 0.172675 7.52188
345500 0.172725 7.51682
345600 0.172775 7.53731
345700 0.172825 7.52988
345800 0.172875 7.52827
345900 0.172925 7.52638
346000 0.172975 7.53117
346100 0.173025 7.52978
346200 0.173075 7.52992
346300 0.173125 7.54634
346400 0.173175 7.54136
346500 0.173225 7.50969
346600 0.173275 7.52664
346700 0.173325 7.50788
346800 0.173375 7.51086
346900 0.173425 7.51735
347000 0.173475 7.4968
347100 0.173525 7.50457
347200 0.173575 7.51981
347300 0.173625 7.54337
347400 0.173675 7.55767
347500 0.173725 7.54995
347600 0.173775 7.58244
347700 0.173825 7.60348
347800 0.173875 7.59737
347900 0.173925 7.56939
348000 0.173975 7.57229
348100 0.174025 7.57945
348200 0.174075 7.5849
348300 0.174125 7.57982
348400 0.174175 7.58219
348500 0.174225 7.57793
348600 0.174275 7.60656
348700 0.174325 7.59738
348800 0.174375 7.57086
348900 0.174425 7.58706
349000 0.174475 7.60964
349100 0.174525 7.57949
349200 0.174575 7.56001
349300 0.174625 7.5377
349400 0.174675 7.52863
349500 0.174725 7.53638
349600 0.174775 7.54905
349700 0.174825 7.58064
349800 0.174875 7.59687
349900 0.174925 7.60284
350000 0.174975 7.63251
350100 0.175025 7.64013
350200 0.175075 7.63692
350300 0.175125 7.64661
350400 0.175175 7.65496
350500 0.175225 7.65312
350600 0.175275 7.63006
350700 0.175325 7.64334
350800 0.175375 7.66923
350900 0.175425 7.6683
351000 0.175475 7.64884
351100 0.175525 7.60883
351200 0.175575 7.6415
351300 0.175625 7.63485
351400 0.175675 7.64785
351500 0.175725 7.61551
351600 0.175775 7.62097
351700 0.175825 7.62813
351800 0.175875 7.61309
351900 0.175925 7.60923
352000 0.175975 7.62459
352100 0.176025 7.61008
352200 0.176075 7.63557
352300 0.176125 7.6592
352400 0.176175 7.66164
352500 0.176225 7.68821
352600 0.176275 7.71379
352700 0.176325 7.68599
352800 0.176375 7.67943
352900 0.176425 7.67741
353000 0.176475 7.72005
353100 0.176525 7.71879
353200 0.176575 7.71627
353300 0.176625 7.7144
353400 0.176675 7.69937
353500 0.176725 7.71136
353600 0.176775 7.68773
353700 0.176825 7.70449
353800 0.176875 7.70031
353900 0.176925 7.71253
354000 0.176975 7.69961
354100 0.177025 7.68447
354200 0.177075 7.674
354300 0.177125 7.67353
354400 0.177175 7.67734
354500 0.177225 7.66454
354600 0.177275 7.68405
354700 0.177325 7.72432
354800 0.177375 7.715
354900 0.177425 7.72675
355000 0.177475 7.70949
355100 0.177525 7.72112
355200 0.177575 7.72547
355300 0.177625 7.7199
355400 0.177675 7.73276
355500 0.177725 7.75156
355600 0.177775 7.72702
355700 0.177825 7.73798
355800 0.177875 7.74243
355900 0.177925 7.75648
356000 0.177975 7.75111
356100 0.178025 7.75174
356200 0.178075 7.75142
356300 0.178125 7.74366
356400 0.178175 7.72632
356500 0.178225 7.7422
356600 0.178275 7.77307
356700 0.178325 7.75946
356800 0.178375 7.75549
356900 0.178425 7.78089
357000 0.178475 7.77767
357100 0.178525 7.74876
357200 0.178575 7.75324
357300 0.178625 7.76355
357400 0.178675 7.77328
357500 0.178725 7.78568
357600 0.178775 7.77643
357700 0.178825 7.77712
357800 0.178875 7.79542
357900 0.178925 7.79501
358000 0.178975 7.78354
358100 0.179025 7.78334
358200 0.179075 7.77146
358300 0.179125 7.75466
358400 0.179175 7.7639
358500 0.179225 7.7815
358600 0.179275 7.7727
358700 0.179325 7.78291
358800 0.179375 7.79282
358900 0.179425 7.80446
359000 0.179475 7.82487
359100 0.179525 7.83455
359200 0.179575 7.80931
359300 0.179625 7.81355
359400 0.179675 7.81083
359500 0.179725 7.81787
359600 0.179775 7.82134
359700 0.179825 7.83076
359800 0.179875 7.85265
359900 0.179925 7.85409
360000 0.179975 7.85878
360100 0.180025 7.82139
360200 0.180075 7.82996
360300 0.180125 7.82869
360400 0.180175 7.81765
360500 0.180225 7.80416
360600 0.180275 7.79694
360700 0.180325 7.77743
360800 0.180375 7.79304
360900 0.180425 7.81417
361000 0.180475 7.80693
361100 0.180525 7.80368
361200 0.180575 7.79202
361300 0.180625 7.81187
361400 0.180675 7.8478
361500 0.180725 7.83527
361600 0.180775 7.84327
361700 0.180825 7.85921
361800 0.180875 7.84639
361900 0.180925 7.8603
362000 0.180975 7.89094
362100 0.181025 7.88551
362200 0.181075 7.88303
362300 0.181125 7.87987
362400 0.181175 7.8902
362500 0.181225 7.90302
362600 0.181275 7.91332
362700 0.181325 7.90104
362800 0.181375 7.87187
362900 0.181425 7.86572
363000 0.181475 7.83807
363100 0.181525 7.8265
363200 0.181575 7.82751
363300 0.181625 7.82439
363400 0.181675 7.84763
363500 0.181725 7.83952
363600 0.181775 7.84991
363700 0.181825 7.89098
363800 0.181875 7.90174
363900 0.181925 7.89936
364000 0.181975 7.90493
364100 0.182025 7.89249
364200 0.182075 7.90456
364300 0.182125 7.91418
364400 0.182175 7.91269
364500 0.182225 7.93612
364600 0.182275 7.93412
364700 0.182325 7.89673
364800 0.182375 7.9223
364900 0.182425 7.92179
365000 0.182475 7.93922
365100 0.182525 7.91692
365200 0.182575 7.91438
365300 0.182625 7.88093
365400 0.182675 7.88642
365500 0.182725 7.89585
365600 0.182775 7.88426
365700 0.182825 7.89545
365800 0.182875 7.8834
365900 0.182925 7.89276
366000 0.182975 7.91951
366100 0.183025 7.92677
366200 0.183075 7.92859
366300 0.183125 7.94597
366400 0.183175 7.94849
366500 0.183225 7.91856
366600 0.183275 7.90727
366700 0.183325 7.93341
366800 0.183375 7.93495
366900 0.183425 7.94149
367000 0.183475 7.96449
367100 0.183525 7.98283
367200 0.183575 7.99449
367300 0.183625 7.97416
367400 0.183675 7.97215
367500 0.183725 7.97192
367600 0.183775 7.95511
367700 0.183825 7.95478
367800 0.183875 7.93187
367900 0.183925 7.92006
368000 0.183975 7.92846
368100 0.184025 7.94418
368200 0.184075 7.95774
368300 0.184125 7.93382
368400 0.184175 7.9594
368500 0.184225 7.96655
368600 0.184275 7.93808
368700 0.184325 7.95415
368800 0.184375 7.96943
368900 0.184425 8.0299
369000 0.184475 7.99967
369100 0.184525 8.00152
369200 0.184575 7.98559
369300 0.184625 7.99518
369400 0.184675 7.99459
369500 0.184725 8.00173
369600 0.184775 7.99193
369700 0.184825 7.99366
369800 0.184875 8.02457
369900 0.184925 8.02742
370000 0.184975 8.01919
370100 0.185025 7.98166
370200 0.185075 7.97979
370300 0.185125 8.0018
370400 0.185175 7.99783
370500 0.185225 8.01264
370600 0.185275 7.99512
370700 0.185325 7.99396
370800 0.185375 8.02898
370900 0.185425 8.03067
371000 0.185475 8.02929
371100 0.185525 8.03508
371200 0.185575 8.03424
371300 0.185625 8.04086
371400 0.185675 8.04503
371500 0.185725 8.05142
371600 0.185775 8.06999
371700 0.185825 8.06367
371800 0.185875 8.05826
371900 0.185925 8.03915
372000 0.185975 8.06497
372100 0.186025 8.07799
372200 0.186075 8.03928
372300 0.186125 8.00837
372400 0.186175 8.00412
372500 0.186225 7.9956
372600 0.186275 8.02263
372700 0.186325 8.04879
372800 0.186375 8.06792
372900 0.186425 8.1049
373000 0.186475 8.09406
373100 0.186525 8.08664
373200 0.186575 8.09369
373300 0.186625 8.10522
373400 0.186675 8.09453
373500 0.186725 8.09121
373600 0.186775 8.08853
373700 0.186825 8.08832
373800 0.186875 8.09448
373900 0.186925 8.11105
374000 0.186975 8.12861
374100 0.187025 8.13065
374200 0.187075 8.11668
374300 0.187125 8.1145
374400 0.187175 8.11895
374500 0.187225 8.10249
374600 0.187275 8.09144
374700 0.187325 8.07297
374800 0.187375 8.06891
374900 0.187425 8.07767
375000 0.187475 8.10326
375100 0.187525 8.09083
375200 0.187575 8.07722
375300 0.187625 8.09991
375400 0.187675 8.08956
375500 0.187725 8.09026
375600 0.187775 8.11103
375700 0.187825 8.12444
375800 0.187875 8.13086
375900 0.187925 8.15286
376000 0.187975 8.1658
376100 0.188025 8.16818
376200 0.188075 8.1711
376300 0.188125 8.1516
376400 0.188175 8.17001
376500 0.188225 8.15079
376600 0.188275 8.15746
376700 0.188325 8.15855
376800 0.188375 8.15452
376900 0.188425 8.1342
377000 0.188475 8.13316
377100 0.188525 8.13321
377200 0.188575 8.13867
377300 0.188625 8.14364
377400 0.188675 8.12706
377500 0.188725 8.11371
377600 0.188775 8.11394
377700 0.188825 8.10451
377800 0.188875 8.10022
377900 0.188925 8.15074
378000 0.188975 8.17648
378100 0.189025 8.1731
378200 0.189075 8.15919
378300 0.189125 8.17099
378400 0.189175 8.17367
378500 0.189225 8.17901
378600 0.189275 8.21076
378700 0.189325 8.21252
378800 0.189375 8.25977
378900 0.189425 8.2356
379000 0.189475 8.22767
379100 0.189525 8.2245
379200 0.189575 8.21701
379300 0.189625 8.19575
379400 0.189675 8.17991
379500 0.189725 8.20464
379600 0.189775 8.17786
379700 0.189825 8.16108
379800 0.189875 8.17371
379900 0.189925 8.18665
380000 0.189975 8.18965
380100 0.190025 8.183
380200 0.190075 8.1765
380300 0.190125 8.19488
380400 0.190175 8.19796
380500 0.190225 8.23271
380600 0.190275 8.19263
380700 0.190325 8.19983
380800 0.190375 8.22246
380900 0.190425 8.24374
381000 0.190475 8.24088
381100 0.190525 8.22776
381200 0.190575 8.25142
381300 0.190625 8.26409
381400 0.190675 8.23594
381500 0.190725 8.24117
381600 0.190775 8.22623
381700 0.190825 8.21481
381800 0.190875 8.21656
381900 0.190925 8.24373
382000 0.190975 8.26472
382100 0.191025 8.22853
382200 0.191075 8.22244
382300 0.191125 8.22328
382400 0.191175 8.22875
382500 0.191225 8.25849
382600 0.191275 8.27831
382700 0.191325 8.27391
382800 0.191375 8.28013
382900 0.191425 8.29187
383000 0.191475 8.30773
383100 0.191525 8.2946
383200 0.191575 8.29954
383300 0.191625 8.28923
383400 0.191675 8.28168
383500 0.191725 8.28144
383600 0.191775 8.29278
383700 0.191825 8.29722
383800 0.191875 8.30631
383900 0.191925 8.27015
384000 0.191975 8.28341
384100 0.192025 8.3234
384200 0.192075 8.3077
384300 0.192125 8.30649
384400 0.192175 8.29065
384500 0.192225 8.31229
384600 0.192275 8.34813
384700 0.192325 8.35276
384800 0.192375 8.31419
384900 0.192425 8.31267
385000 0.192475 8.31267
385100 0.192525 8.31997
385200 0.192575 8.3499
385300 0.192625 8.32945
385400 0.192675 8.31481
385500 0.192725 8.33315
385600 0.192775 8.33672
385700 0.192825 8.35641
385800 0.192875 8.36891
385900 0.192925 8.37845
386000 0.192975 8.35952
386100 0.193025 8.33674
386200 0.193075 8.31396
386300 0.193125 8.31641
386400 0.193175 8.35184
386500 0.193225 8.35386
386600 0.193275 8.33298
386700 0.193325 8.32155
386800 0.193375 8.33687
386900 0.193425 8.34121
387000 0.193475 8.33801
387100 0.193525 8.35201
387200 0.193575 8.35808
387300 0.193625 8.34755
387400 0.193675 8.3199
387500 0.193725 8.33439
387600 0.193775 8.39099
387700 0.193825 8.40915
387800 0.193875 8.42459
387900 0.193925 8.39723
388000 0.193975 8.40684
388100 0.194025 8.39637
388200 0.194075 8.36654
388300 0.194125 8.34624
388400 0.194175 8.35043
388500 0.194225 8.32996
388600 0.194275 8.29838
388700 0.194325 8.33834
388800 0.194375 8.33914
388900 0.194425 8.3745
389000 0.194475 8.37345
389100 0.194525 8.36958
389200 0.194575 8.35109
389300 0.194625 8.37896
389400 0.194675 8.37983
389500 0.194725 8.39575
389600 0.194775 8.44115
389700 0.194825 8.4682
389800 0.194875 8.46625
389900 0.194925 8.44982
390000 0.194975 8.42749
390100 0.195025 8.43105
390200 0.195075 8.43212
390300 0.195125 8.38683
390400 0.195175 8.40193
390500 0.195225 8.41549
390600 0.195275 8.41441
390700 0.195325 8.41402
390800 0.195375 8.44835
390900 0.195425 8.45122
391000 0.195475 8.44042
391100 0.195525 8.42809
391200 0.195575 8.43774
391300 0.195625 8.40124
391400 0.195675 8.42728
391500 0.195725 8.41667
391600 0.195775 8.42391
391700 0.195825 8.41955
391800 0.195875 8.40735
391900 0.195925 8.45538
392000 0.195975 8.45779
392100 0.196025 8.45429
392200 0.196075 8.43706
392300 0.196125 8.46705
392400 0.196175 8.45891
392500 0.196225 8.46235
392600 0.196275 8.49292
392700 0.196325 8.49462
392800 0.196375 8.48058
392900 0.196425 8.46397
393000 0.196475 8.50096
393100 0.196525 8.49387
393200 0.196575 8.48883
393300 0.196625 8.49286
393400 0.196675 8.47505
393500 0.196725 8.48169
393600 0.196775 8.48404
393700 0.196825 8.47101
393800 0.196875 8.47968
393900 0.196925 8.49669
394000 0.196975 8.48887
394100 0.197025 8.48912
394200 0.197075 8.46806
394300 0.197125 8.46986
394400 0.197175 8.49586
394500 0.197225 8.49067
394600 0.197275 8.49837
394700 0.197325 8.5316
394800 0.197375 8.53372
394900 0.197425 8.53088
395000 0.197475 8.53134
395100 0.197525 8.52296
395200 0.197575 8.517
395300 0.197625 8.51875
395400 0.197675 8.52951
395500 0.197725 8.49866
395600 0.197775 8.53176
395700 0.197825 8.53135
395800 0.197875 8.5182
395900 0.197925 8.51567
396000 0.197975 8.51646
396100 0.198025 8.53495
396200 0.198075 8.5438
396300 0.198125 8.53059
396400 0.198175 8.54337
396500 0.198225 8.56282
396600 0.198275 8.55215
396700 0.198325 8.52384
396800 0.198375 8.51426
396900 0.198425 8.50735
397000 0.198475 8.53027
397100 0.198525 8.52977
397200 0.198575 8.52526
397300 0.198625 8.54345
397400 0.198675 8.55254
397500 0.198725 8.55206
397600 0.198775 8.58551
397700 0.198825 8.58823
397800 0.198875 8.57306
397900 0.198925 8.57425
398000 0.198975 8.57134
398100 0.199025 8.56802
398200 0.199075 8.57493
398300 0.199125 8.54977
398400 0.199175 8.53954
398500 0.199225 8.55842
398600 0.199275 8.56007
398700 0.199325 8.58949
398800 0.199375 8.58995
398900 0.199425 8.59473
399000 0.199475 8.60853
399100 0.199525 8.6
399200 0.199575 8.59293
399300 0.199625 8.60896
399400 0.199675 8.57662
399500 0.199725 8.61616
399600 0.199775 8.61575
399700 0.199825 8.61714
399800 0.199875 8.56866
399900 0.199925 8.57464
400000 0.199975 8.58818
