# Time-averaged data for fix 3
# TimeStep v_strain v_stress_GPa
100 2.525e-05 0.376038
200 7.525e-05 0.341341
300 0.00012525 0.375367
400 0.00017525 0.340017
500 0.00022525 0.375163
600 0.00027525 0.379108
700 0.00032525 0.396717
800 0.00037525 0.389128
900 0.00042525 0.39621
1000 0.00047525 0.408292
1100 0.00052525 0.354582
1200 0.00057525 0.392062
1300 0.00062525 0.37522
1400 0.00067525 0.367817
1500 0.00072525 0.390018
1600 0.00077525 0.387004
1700 0.00082525 0.403703
1800 0.00087525 0.411678
1900 0.00092525 0.412056
2000 0.00097525 0.38285
2100 0.00102525 0.395809
2200 0.00107525 0.424965
2300 0.00112525 0.392046
2400 0.00117525 0.39563
2500 0.00122525 0.395147
2600 0.00127525 0.376479
2700 0.00132525 0.438269
2800 0.00137525 0.433777
2900 0.00142525 0.420377
3000 0.00147525 0.426714
3100 0.00152525 0.449675
3200 0.00157525 0.424556
3300 0.00162525 0.43992
3400 0.00167525 0.397663
3500 0.00172525 0.389134
3600 0.00177525 0.443979
3700 0.00182525 0.435364
3800 0.00187525 0.417491
3900 0.00192525 0.4262
4000 0.00197525 0.429138
4100 0.00202525 0.456124
4200 0.00207525 0.462711
4300 0.00212525 0.428671
4400 0.00217525 0.430679
4500 0.00222525 0.444816
4600 0.00227525 0.435786
4700 0.00232525 0.432417
4800 0.00237525 0.448464
4900 0.00242525 0.440025
5000 0.00247525 0.448267
5100 0.00252525 0.478142
5200 0.00257525 0.479954
5300 0.00262525 0.46434
5400 0.00267525 0.465521
5500 0.00272525 0.452058
5600 0.00277525 0.477803
5700 0.00282525 0.461015
5800 0.00287525 0.462084
5900 0.00292525 0.46863
6000 0.00297525 0.464066
6100 0.00302525 0.498953
6200 0.00307525 0.501651
6300 0.00312525 0.484723
6400 0.00317525 0.494314
6500 0.00322525 0.475526
6600 0.00327525 0.501879
6700 0.00332525 0.469389
6800 0.00337525 0.495782
6900 0.00342525 0.484656
7000 0.00347525 0.497827
7100 0.00352525 0.477697
7200 0.00357525 0.481008
7300 0.00362525 0.523603
7400 0.00367525 0.502258
7500 0.00372525 0.509796
7600 0.00377525 0.526424
7700 0.00382525 0.502805
7800 0.00387525 0.517138
7900 0.00392525 0.471459
8000 0.00397525 0.483731
8100 0.00402525 0.506164
8200 0.00407525 0.49758
8300 0.00412525 0.509709
8400 0.00417525 0.540485
8500 0.00422525 0.528658
8600 0.00427525 0.511263
8700 0.00432525 0.537836
8800 0.00437525 0.525277
8900 0.00442525 0.502573
9000 0.00447525 0.491057
9100 0.00452525 0.502567
9200 0.00457525 0.534625
9300 0.00462525 0.531939
9400 0.00467525 0.530199
9500 0.00472525 0.546057
9600 0.00477525 0.529058
9700 0.00482525 0.546868
9800 0.00487525 0.545524
9900 0.00492525 0.524572
10000 0.00497525 0.537956
10100 0.00502525 0.537417
10200 0.00507525 0.56014
10300 0.00512525 0.565415
10400 0.00517525 0.537691
10500 0.00522525 0.538144
10600 0.00527525 0.592797
10700 0.00532525 0.582745
10800 0.00537525 0.548664
10900 0.00542525 0.526132
11000 0.00547525 0.55712
11100 0.00552525 0.540138
11200 0.00557525 0.571499
11300 0.00562525 0.557367
11400 0.00567525 0.551985
11500 0.00572525 0.578652
11600 0.00577525 0.609016
11700 0.00582525 0.589675
11800 0.00587525 0.599754
11900 0.00592525 0.57268
12000 0.00597525 0.574686
12100 0.00602525 0.56715
12200 0.00607525 0.592324
12300 0.00612525 0.547403
12400 0.00617525 0.566061
12500 0.00622525 0.603256
12600 0.00627525 0.616043
12700 0.00632525 0.609659
12800 0.00637525 0.630802
12900 0.00642525 0.610683
13000 0.00647525 0.61792
13100 0.00652525 0.613346
13200 0.00657525 0.577528
13300 0.00662525 0.596913
13400 0.00667525 0.594198
13500 0.00672525 0.594004
13600 0.00677525 0.570258
13700 0.00682525 0.646047
13800 0.00687525 0.633829
13900 0.00692525 0.631061
14000 0.00697525 0.61262
14100 0.00702525 0.633531
14200 0.00707525 0.617456
14300 0.00712525 0.64388
14400 0.00717525 0.578336
14500 0.00722525 0.604288
14600 0.00727525 0.638917
14700 0.00732525 0.669935
14800 0.00737525 0.614397
14900 0.00742525 0.645356
15000 0.00747525 0.644245
15100 0.00752525 0.647812
15200 0.00757525 0.668945
15300 0.00762525 0.615938
15400 0.00767525 0.641902
15500 0.00772525 0.612912
15600 0.00777525 0.672377
15700 0.00782525 0.625078
15800 0.00787525 0.639765
15900 0.00792525 0.68343
16000 0.00797525 0.704297
16100 0.00802525 0.65752
16200 0.00807525 0.679925
16300 0.00812525 0.670017
16400 0.00817525 0.650223
16500 0.00822525 0.623675
16600 0.00827525 0.649711
16700 0.00832525 0.645483
16800 0.00837525 0.667967
16900 0.00842525 0.687343
17000 0.00847525 0.713127
17100 0.00852525 0.718494
17200 0.00857525 0.692225
17300 0.00862525 0.659948
17400 0.00867525 0.663263
17500 0.00872525 0.657193
17600 0.00877525 0.686538
17700 0.00882525 0.662293
17800 0.00887525 0.660838
17900 0.00892525 0.693742
18000 0.00897525 0.712672
18100 0.00902525 0.718172
18200 0.00907525 0.710662
18300 0.00912525 0.68991
18400 0.00917525 0.667032
18500 0.00922525 0.695922
18600 0.00927525 0.679495
18700 0.00932525 0.695699
18800 0.00937525 0.697609
18900 0.00942525 0.684773
19000 0.00947525 0.717049
19100 0.00952525 0.715373
19200 0.00957525 0.734621
19300 0.00962525 0.731162
19400 0.00967525 0.705738
19500 0.00972525 0.683758
19600 0.00977525 0.757234
19700 0.00982525 0.69859
19800 0.00987525 0.708253
19900 0.00992525 0.702677
20000 0.00997525 0.746073
20100 0.0100252 0.749567
20200 0.0100753 0.752745
20300 0.0101253 0.719325
20400 0.0101753 0.74031
20500 0.0102253 0.745441
20600 0.0102753 0.755308
20700 0.0103252 0.733463
20800 0.0103753 0.700319
20900 0.0104253 0.697829
21000 0.0104753 0.713413
21100 0.0105253 0.75632
21200 0.0105753 0.77011
21300 0.0106252 0.727868
21400 0.0106753 0.772494
21500 0.0107253 0.762656
21600 0.0107753 0.78642
21700 0.0108253 0.754549
21800 0.0108753 0.747289
21900 0.0109253 0.739682
22000 0.0109753 0.749023
22100 0.0110253 0.772719
22200 0.0110752 0.756977
22300 0.0111252 0.769622
22400 0.0111753 0.774103
22500 0.0112253 0.80299
22600 0.0112753 0.78171
22700 0.0113253 0.774558
22800 0.0113753 0.732625
22900 0.0114252 0.752803
23000 0.0114753 0.776649
23100 0.0115253 0.725343
23200 0.0115752 0.767947
23300 0.0116253 0.796603
23400 0.0116752 0.803151
23500 0.0117253 0.789799
23600 0.0117753 0.775402
23700 0.0118253 0.779751
23800 0.0118753 0.820517
23900 0.0119253 0.762982
24000 0.0119752 0.771901
24100 0.0120253 0.747949
24200 0.0120753 0.756449
24300 0.0121252 0.790473
24400 0.0121752 0.798615
24500 0.0122253 0.796347
24600 0.0122753 0.807938
24700 0.0123253 0.811676
24800 0.0123753 0.828215
24900 0.0124253 0.818781
25000 0.0124753 0.805462
25100 0.0125253 0.777263
25200 0.0125753 0.804235
25300 0.0126252 0.78684
25400 0.0126753 0.796777
25500 0.0127253 0.824282
25600 0.0127753 0.824125
25700 0.0128253 0.839351
25800 0.0128752 0.854716
25900 0.0129252 0.836293
26000 0.0129753 0.805672
26100 0.0130252 0.788439
26200 0.0130753 0.813404
26300 0.0131253 0.797964
26400 0.0131753 0.812381
26500 0.0132253 0.814139
26600 0.0132753 0.859747
26700 0.0133253 0.859818
26800 0.0133753 0.873538
26900 0.0134253 0.841016
27000 0.0134753 0.874144
27100 0.0135252 0.844859
27200 0.0135753 0.826529
27300 0.0136253 0.802481
27400 0.0136753 0.801765
27500 0.0137253 0.848139
27600 0.0137752 0.841916
27700 0.0138253 0.884827
27800 0.0138753 0.888944
27900 0.0139253 0.905746
28000 0.0139753 0.900423
28100 0.0140253 0.893672
28200 0.0140753 0.835703
28300 0.0141253 0.833573
28400 0.0141753 0.798318
28500 0.0142253 0.82915
28600 0.0142753 0.864159
28700 0.0143253 0.881899
28800 0.0143753 0.869136
28900 0.0144253 0.906944
29000 0.0144753 0.897855
29100 0.0145253 0.918303
29200 0.0145753 0.875349
29300 0.0146253 0.835639
29400 0.0146753 0.848419
29500 0.0147252 0.829677
29600 0.0147753 0.86767
29700 0.0148253 0.853145
29800 0.0148753 0.913463
29900 0.0149253 0.909993
30000 0.0149753 0.962117
30100 0.0150253 0.947631
30200 0.0150753 0.925061
30300 0.0151253 0.9219
30400 0.0151753 0.896547
30500 0.0152253 0.877166
30600 0.0152753 0.877052
30700 0.0153253 0.88434
30800 0.0153753 0.874087
30900 0.0154253 0.938297
31000 0.0154752 0.935069
31100 0.0155253 0.988382
31200 0.0155753 0.9914
31300 0.0156253 0.930637
31400 0.0156753 0.93886
31500 0.0157253 0.915193
31600 0.0157753 0.899168
31700 0.0158253 0.873309
31800 0.0158753 0.912219
31900 0.0159253 0.902649
32000 0.0159753 0.945211
32100 0.0160253 0.973225
32200 0.0160753 0.962448
32300 0.0161253 0.973592
32400 0.0161753 0.968046
32500 0.0162253 0.939398
32600 0.0162753 0.899427
32700 0.0163253 0.926173
32800 0.0163752 0.876588
32900 0.0164253 0.912581
33000 0.0164753 0.954731
33100 0.0165253 0.950784
33200 0.0165753 1.01208
33300 0.0166253 1.02896
33400 0.0166753 0.981479
33500 0.0167253 0.977149
33600 0.0167753 0.959493
33700 0.0168253 0.953963
33800 0.0168753 0.919988
33900 0.0169252 0.908568
34000 0.0169752 0.938509
34100 0.0170253 0.963419
34200 0.0170753 0.973442
34300 0.0171252 1.00072
34400 0.0171753 1.00084
34500 0.0172253 0.994827
34600 0.0172753 1.00456
34700 0.0173253 1.0106
34800 0.0173753 0.934733
34900 0.0174253 0.933602
35000 0.0174753 0.977374
35100 0.0175253 0.938808
35200 0.0175753 0.977907
35300 0.0176253 0.98316
35400 0.0176753 1.03864
35500 0.0177252 1.04346
35600 0.0177753 1.04265
35700 0.0178253 1.03362
35800 0.0178752 0.995688
35900 0.0179253 0.96757
36000 0.0179753 0.963629
36100 0.0180253 0.972008
36200 0.0180753 0.994788
36300 0.0181253 0.963325
36400 0.0181753 0.998995
36500 0.0182253 1.04263
36600 0.0182753 1.05977
36700 0.0183253 1.01892
36800 0.0183753 1.05049
36900 0.0184253 1.02769
37000 0.0184753 0.990175
37100 0.0185253 0.995461
37200 0.0185753 0.969236
37300 0.0186253 0.98822
37400 0.0186753 1.0017
37500 0.0187253 1.01123
37600 0.0187753 1.03591
37700 0.0188253 1.04435
37800 0.0188753 1.04673
37900 0.0189253 1.06965
38000 0.0189753 1.04354
38100 0.0190253 0.997599
38200 0.0190752 0.976153
38300 0.0191253 0.963337
38400 0.0191753 1.02624
38500 0.0192253 1.03146
38600 0.0192753 1.03137
38700 0.0193253 1.0476
38800 0.0193753 1.09434
38900 0.0194253 1.07012
39000 0.0194753 1.0952
39100 0.0195253 1.04205
39200 0.0195753 1.02203
39300 0.0196253 1.01714
39400 0.0196753 1.02661
39500 0.0197253 1.02366
39600 0.0197753 1.02151
39700 0.0198253 1.0812
39800 0.0198753 1.06698
39900 0.0199253 1.13901
40000 0.0199753 1.09736
40100 0.0200253 1.06958
40200 0.0200753 1.0597
40300 0.0201253 1.10171
40400 0.0201753 1.03738
40500 0.0202253 1.01113
40600 0.0202752 1.03068
40700 0.0203253 1.08792
40800 0.0203753 1.08465
40900 0.0204252 1.11242
41000 0.0204753 1.124
41100 0.0205253 1.13868
41200 0.0205753 1.14564
41300 0.0206253 1.06963
41400 0.0206753 1.10314
41500 0.0207253 1.07991
41600 0.0207752 1.05884
41700 0.0208253 1.06544
41800 0.0208753 1.07951
41900 0.0209253 1.09185
42000 0.0209753 1.13226
42100 0.0210252 1.15028
42200 0.0210753 1.1537
42300 0.0211253 1.14212
42400 0.0211752 1.12395
42500 0.0212253 1.10035
42600 0.0212752 1.12324
42700 0.0213253 1.07771
42800 0.0213753 1.09803
42900 0.0214253 1.11986
43000 0.0214753 1.09609
43100 0.0215252 1.12207
43200 0.0215753 1.13042
43300 0.0216253 1.17235
43400 0.0216753 1.15357
43500 0.0217253 1.142
43600 0.0217752 1.13367
43700 0.0218253 1.12416
43800 0.0218753 1.12938
43900 0.0219253 1.10389
44000 0.0219753 1.09677
44100 0.0220252 1.14936
44200 0.0220753 1.13557
44300 0.0221253 1.19696
44400 0.0221753 1.17684
44500 0.0222253 1.19866
44600 0.0222752 1.18336
44700 0.0223253 1.18901
44800 0.0223752 1.08797
44900 0.0224253 1.10061
45000 0.0224753 1.10939
45100 0.0225252 1.12381
45200 0.0225753 1.1669
45300 0.0226253 1.17311
45400 0.0226752 1.21078
45500 0.0227253 1.23279
45600 0.0227753 1.2237
45700 0.0228253 1.20529
45800 0.0228753 1.18149
45900 0.0229253 1.14666
46000 0.0229753 1.1495
46100 0.0230252 1.15734
46200 0.0230753 1.15297
46300 0.0231253 1.17306
46400 0.0231752 1.19556
46500 0.0232253 1.23892
46600 0.0232752 1.24088
46700 0.0233253 1.25465
46800 0.0233753 1.2125
46900 0.0234252 1.22485
47000 0.0234753 1.23916
47100 0.0235253 1.18264
47200 0.0235753 1.16556
47300 0.0236253 1.21313
47400 0.0236752 1.20005
47500 0.0237253 1.20491
47600 0.0237752 1.2389
47700 0.0238253 1.19758
47800 0.0238753 1.25459
47900 0.0239252 1.29702
48000 0.0239753 1.20905
48100 0.0240253 1.19479
48200 0.0240753 1.22131
48300 0.0241253 1.18775
48400 0.0241752 1.20487
48500 0.0242253 1.1967
48600 0.0242753 1.2131
48700 0.0243253 1.25828
48800 0.0243753 1.26353
48900 0.0244253 1.25186
49000 0.0244753 1.23471
49100 0.0245253 1.24541
49200 0.0245753 1.23082
49300 0.0246253 1.23017
49400 0.0246752 1.22068
49500 0.0247253 1.23045
49600 0.0247753 1.22307
49700 0.0248253 1.23852
49800 0.0248753 1.29064
49900 0.0249252 1.28116
50000 0.0249753 1.26982
50100 0.0250253 1.2591
50200 0.0250753 1.30123
50300 0.0251253 1.26592
50400 0.0251753 1.26719
50500 0.0252253 1.22135
50600 0.0252752 1.24939
50700 0.0253253 1.26465
50800 0.0253753 1.26683
50900 0.0254253 1.23386
51000 0.0254753 1.28857
51100 0.0255253 1.29033
51200 0.0255753 1.27907
51300 0.0256253 1.32025
51400 0.0256752 1.285
51500 0.0257253 1.32593
51600 0.0257753 1.2896
51700 0.0258253 1.27972
51800 0.0258753 1.28214
51900 0.0259253 1.23557
52000 0.0259753 1.29989
52100 0.0260253 1.35465
52200 0.0260753 1.31633
52300 0.0261253 1.30697
52400 0.0261752 1.31108
52500 0.0262253 1.31848
52600 0.0262753 1.31865
52700 0.0263252 1.29458
52800 0.0263753 1.26743
52900 0.0264253 1.28994
53000 0.0264752 1.33618
53100 0.0265253 1.36685
53200 0.0265753 1.34285
53300 0.0266253 1.3386
53400 0.0266753 1.35123
53500 0.0267253 1.34247
53600 0.0267753 1.31293
53700 0.0268253 1.31991
53800 0.0268753 1.27034
53900 0.0269252 1.30705
54000 0.0269753 1.33128
54100 0.0270253 1.32184
54200 0.0270753 1.34336
54300 0.0271253 1.33973
54400 0.0271752 1.37525
54500 0.0272253 1.3744
54600 0.0272753 1.38349
54700 0.0273253 1.32725
54800 0.0273753 1.3366
54900 0.0274253 1.3357
55000 0.0274753 1.31611
55100 0.0275253 1.32177
55200 0.0275753 1.30208
55300 0.0276253 1.34
55400 0.0276752 1.35984
55500 0.0277253 1.38175
55600 0.0277753 1.36904
55700 0.0278253 1.39267
55800 0.0278753 1.36298
55900 0.0279252 1.3814
56000 0.0279753 1.35253
56100 0.0280253 1.34733
56200 0.0280753 1.34041
56300 0.0281253 1.34458
56400 0.0281752 1.37825
56500 0.0282253 1.42219
56600 0.0282753 1.42676
56700 0.0283253 1.40921
56800 0.0283753 1.42131
56900 0.0284252 1.41128
57000 0.0284753 1.39035
57100 0.0285253 1.39032
57200 0.0285753 1.38093
57300 0.0286253 1.33001
57400 0.0286752 1.36127
57500 0.0287253 1.41452
57600 0.0287753 1.41558
57700 0.0288253 1.41457
57800 0.0288753 1.47461
57900 0.0289252 1.4536
58000 0.0289753 1.43518
58100 0.0290253 1.44095
58200 0.0290753 1.39529
58300 0.0291253 1.35257
58400 0.0291752 1.36621
58500 0.0292253 1.35526
58600 0.0292753 1.36043
58700 0.0293253 1.40819
58800 0.0293753 1.44467
58900 0.0294253 1.47189
59000 0.0294753 1.48733
59100 0.0295253 1.473
59200 0.0295753 1.42496
59300 0.0296253 1.41295
59400 0.0296752 1.37155
59500 0.0297253 1.33968
59600 0.0297753 1.37567
59700 0.0298253 1.39631
59800 0.0298753 1.42766
59900 0.0299252 1.46138
60000 0.0299753 1.49088
60100 0.0300253 1.50093
60200 0.0300752 1.48112
60300 0.0301253 1.43431
60400 0.0301752 1.44014
60500 0.0302253 1.43186
60600 0.0302753 1.4013
60700 0.0303253 1.40623
60800 0.0303753 1.43796
60900 0.0304253 1.43037
61000 0.0304753 1.48614
61100 0.0305253 1.51495
61200 0.0305753 1.50967
61300 0.0306253 1.46718
61400 0.0306752 1.46445
61500 0.0307253 1.47711
61600 0.0307753 1.44432
61700 0.0308253 1.45025
61800 0.0308753 1.41023
61900 0.0309253 1.4347
62000 0.0309753 1.53003
62100 0.0310253 1.49213
62200 0.0310753 1.54186
62300 0.0311253 1.50836
62400 0.0311753 1.51096
62500 0.0312253 1.53731
62600 0.0312753 1.47473
62700 0.0313253 1.44468
62800 0.0313753 1.44479
62900 0.0314252 1.47324
63000 0.0314753 1.46818
63100 0.0315253 1.46575
63200 0.0315753 1.50092
63300 0.0316253 1.53993
63400 0.0316753 1.56347
63500 0.0317253 1.52214
63600 0.0317753 1.5243
63700 0.0318253 1.52049
63800 0.0318753 1.47244
63900 0.0319252 1.49346
64000 0.0319753 1.47241
64100 0.0320252 1.46779
64200 0.0320753 1.48472
64300 0.0321253 1.48613
64400 0.0321752 1.54792
64500 0.0322253 1.56102
64600 0.0322753 1.55987
64700 0.0323253 1.52145
64800 0.0323753 1.55857
64900 0.0324253 1.5167
65000 0.0324753 1.47852
65100 0.0325253 1.49085
65200 0.0325753 1.52486
65300 0.0326252 1.55558
65400 0.0326753 1.54048
65500 0.0327253 1.5771
65600 0.0327752 1.56144
65700 0.0328253 1.59069
65800 0.0328753 1.55247
65900 0.0329252 1.52742
66000 0.0329753 1.52003
66100 0.0330253 1.52698
66200 0.0330753 1.54713
66300 0.0331253 1.52826
66400 0.0331753 1.55184
66500 0.0332253 1.55985
66600 0.0332753 1.65353
66700 0.0333253 1.61524
66800 0.0333753 1.58288
66900 0.0334253 1.58792
67000 0.0334753 1.58997
67100 0.0335253 1.51736
67200 0.0335753 1.53881
67300 0.0336253 1.49677
67400 0.0336753 1.55069
67500 0.0337253 1.60667
67600 0.0337753 1.58202
67700 0.0338253 1.63796
67800 0.0338753 1.61336
67900 0.0339253 1.65053
68000 0.0339753 1.62241
68100 0.0340253 1.5819
68200 0.0340753 1.58268
68300 0.0341253 1.53457
68400 0.0341753 1.54823
68500 0.0342253 1.57313
68600 0.0342753 1.5965
68700 0.0343253 1.60488
68800 0.0343753 1.63469
68900 0.0344253 1.65462
69000 0.0344753 1.6378
69100 0.0345253 1.58602
69200 0.0345753 1.60221
69300 0.0346253 1.61471
69400 0.0346753 1.58894
69500 0.0347253 1.55789
69600 0.0347753 1.60755
69700 0.0348253 1.59905
69800 0.0348753 1.60415
69900 0.0349253 1.62007
70000 0.0349753 1.6458
70100 0.0350253 1.66872
70200 0.0350753 1.6673
70300 0.0351253 1.60239
70400 0.0351753 1.61403
70500 0.0352253 1.61362
70600 0.0352753 1.58501
70700 0.0353253 1.63134
70800 0.0353753 1.60055
70900 0.0354253 1.62062
71000 0.0354753 1.68117
71100 0.0355252 1.63642
71200 0.0355753 1.65006
71300 0.0356253 1.65016
71400 0.0356753 1.66485
71500 0.0357253 1.64557
71600 0.0357752 1.62222
71700 0.0358253 1.58827
71800 0.0358753 1.61825
71900 0.0359253 1.66167
72000 0.0359753 1.65612
72100 0.0360253 1.64112
72200 0.0360753 1.66614
72300 0.0361253 1.6719
72400 0.0361753 1.72447
72500 0.0362253 1.66595
72600 0.0362753 1.64376
72700 0.0363253 1.69363
72800 0.0363753 1.683
72900 0.0364253 1.6477
73000 0.0364753 1.65842
73100 0.0365253 1.61869
73200 0.0365753 1.69372
73300 0.0366253 1.70743
73400 0.0366753 1.67145
73500 0.0367253 1.68316
73600 0.0367753 1.71555
73700 0.0368253 1.72087
73800 0.0368753 1.72067
73900 0.0369253 1.66498
74000 0.0369753 1.66107
74100 0.0370253 1.70848
74200 0.0370753 1.72091
74300 0.0371253 1.68395
74400 0.0371753 1.73988
74500 0.0372253 1.71912
74600 0.0372753 1.67406
74700 0.0373253 1.72691
74800 0.0373753 1.73594
74900 0.0374253 1.69781
75000 0.0374753 1.69692
75100 0.0375253 1.72054
75200 0.0375753 1.75793
75300 0.0376253 1.74608
75400 0.0376753 1.69245
75500 0.0377253 1.71249
75600 0.0377753 1.76864
75700 0.0378253 1.74198
75800 0.0378753 1.77335
75900 0.0379253 1.73317
76000 0.0379753 1.72811
76100 0.0380253 1.73156
76200 0.0380753 1.75924
76300 0.0381253 1.7283
76400 0.0381753 1.73013
76500 0.0382253 1.75716
76600 0.0382753 1.77261
76700 0.0383253 1.74458
76800 0.0383753 1.7706
76900 0.0384253 1.74923
77000 0.0384753 1.7535
77100 0.0385253 1.78037
77200 0.0385753 1.76847
77300 0.0386253 1.7177
77400 0.0386753 1.7372
77500 0.0387253 1.76678
77600 0.0387753 1.78366
77700 0.0388253 1.77976
77800 0.0388753 1.75664
77900 0.0389253 1.79398
78000 0.0389753 1.76191
78100 0.0390253 1.80395
78200 0.0390753 1.80204
78300 0.0391253 1.7737
78400 0.0391753 1.77254
78500 0.0392253 1.77096
78600 0.0392753 1.75926
78700 0.0393253 1.76865
78800 0.0393753 1.80226
78900 0.0394253 1.79728
79000 0.0394753 1.80984
79100 0.0395253 1.81632
79200 0.0395753 1.81929
79300 0.0396253 1.79919
79400 0.0396753 1.77091
79500 0.0397253 1.78634
79600 0.0397753 1.79138
79700 0.0398253 1.78299
79800 0.0398753 1.78801
79900 0.0399253 1.85122
80000 0.0399753 1.82923
80100 0.0400253 1.8384
80200 0.0400753 1.85915
80300 0.0401253 1.81293
80400 0.0401753 1.83571
80500 0.0402253 1.78927
80600 0.0402753 1.76895
80700 0.0403253 1.76088
80800 0.0403753 1.77885
80900 0.0404253 1.84272
81000 0.0404753 1.83202
81100 0.0405253 1.87291
81200 0.0405753 1.8795
81300 0.0406253 1.87949
81400 0.0406753 1.865
81500 0.0407253 1.83766
81600 0.0407753 1.81364
81700 0.0408253 1.76795
81800 0.0408753 1.78184
81900 0.0409253 1.83404
82000 0.0409753 1.83838
82100 0.0410253 1.84601
82200 0.0410753 1.83557
82300 0.0411253 1.91452
82400 0.0411753 1.88729
82500 0.0412253 1.85935
82600 0.0412753 1.87464
82700 0.0413253 1.82356
82800 0.0413753 1.85038
82900 0.0414253 1.83058
83000 0.0414753 1.80059
83100 0.0415253 1.85438
83200 0.0415753 1.90753
83300 0.0416253 1.90547
83400 0.0416753 1.87105
83500 0.0417253 1.89504
83600 0.0417753 1.92818
83700 0.0418253 1.8719
83800 0.0418753 1.84468
83900 0.0419253 1.81335
84000 0.0419753 1.85937
84100 0.0420253 1.87592
84200 0.0420753 1.89487
84300 0.0421253 1.8802
84400 0.0421753 1.9087
84500 0.0422253 1.94559
84600 0.0422753 1.94965
84700 0.0423253 1.92198
84800 0.0423753 1.88716
84900 0.0424252 1.87171
85000 0.0424753 1.87472
85100 0.0425253 1.89532
85200 0.0425753 1.88491
85300 0.0426253 1.90745
85400 0.0426753 1.89615
85500 0.0427253 1.9628
85600 0.0427753 1.97607
85700 0.0428253 1.94568
85800 0.0428753 1.94797
85900 0.0429253 1.94865
86000 0.0429753 1.91731
86100 0.0430253 1.86013
86200 0.0430753 1.86409
86300 0.0431253 1.86658
86400 0.0431752 1.93928
86500 0.0432253 1.94363
86600 0.0432753 1.94626
86700 0.0433252 1.92273
86800 0.0433753 1.98853
86900 0.0434252 1.96925
87000 0.0434753 1.93935
87100 0.0435253 1.92321
87200 0.0435753 1.92077
87300 0.0436253 1.94927
87400 0.0436753 1.91729
87500 0.0437253 1.92802
87600 0.0437753 1.90493
87700 0.0438253 1.98585
87800 0.0438753 2.02391
87900 0.0439252 1.97711
88000 0.0439753 1.96176
88100 0.0440253 1.967
88200 0.0440753 1.96533
88300 0.0441253 1.95095
88400 0.0441753 1.9569
88500 0.0442253 1.88632
88600 0.0442753 1.91989
88700 0.0443253 2.01254
88800 0.0443752 1.97423
88900 0.0444252 1.99039
89000 0.0444753 2.008
89100 0.0445253 1.96551
89200 0.0445753 1.97809
89300 0.0446253 1.98017
89400 0.0446752 1.97242
89500 0.0447253 1.97207
89600 0.0447753 1.96899
89700 0.0448253 1.93943
89800 0.0448753 2.00449
89900 0.0449253 2.0008
90000 0.0449753 1.99971
90100 0.0450253 2.02191
90200 0.0450753 2.01391
90300 0.0451253 1.99729
90400 0.0451752 2.01949
90500 0.0452253 1.97675
90600 0.0452752 1.98066
90700 0.0453253 2.0061
90800 0.0453753 1.94871
90900 0.0454252 1.97771
91000 0.0454753 1.99916
91100 0.0455253 2.05795
91200 0.0455753 2.04348
91300 0.0456253 2.0595
91400 0.0456753 2.05695
91500 0.0457253 2.03046
91600 0.0457753 1.98841
91700 0.0458253 2.02526
91800 0.0458753 1.98983
91900 0.0459253 2.00088
92000 0.0459753 2.02072
92100 0.0460252 1.99847
92200 0.0460753 2.01907
92300 0.0461253 2.05314
92400 0.0461752 2.0666
92500 0.0462253 2.05257
92600 0.0462753 2.04509
92700 0.0463253 2.04552
92800 0.0463753 2.04916
92900 0.0464253 2.00506
93000 0.0464753 1.97318
93100 0.0465253 2.03972
93200 0.0465753 2.06674
93300 0.0466253 2.05619
93400 0.0466753 2.06504
93500 0.0467253 2.08645
93600 0.0467753 2.08634
93700 0.0468253 2.08934
93800 0.0468753 2.05501
93900 0.0469253 2.04139
94000 0.0469753 2.03954
94100 0.0470253 2.05518
94200 0.0470753 2.05954
94300 0.0471253 2.07195
94400 0.0471753 2.08304
94500 0.0472253 2.0964
94600 0.0472752 2.12531
94700 0.0473253 2.0993
94800 0.0473753 2.09232
94900 0.0474253 2.09529
95000 0.0474753 2.07392
95100 0.0475252 2.08981
95200 0.0475753 2.07947
95300 0.0476253 2.05153
95400 0.0476753 2.06197
95500 0.0477252 2.09924
95600 0.0477753 2.0837
95700 0.0478253 2.12666
95800 0.0478753 2.1316
95900 0.0479253 2.11841
96000 0.0479753 2.13881
96100 0.0480252 2.11184
96200 0.0480753 2.08298
96300 0.0481253 2.06195
96400 0.0481753 2.06619
96500 0.0482253 2.11089
96600 0.0482752 2.11793
96700 0.0483253 2.08351
96800 0.0483753 2.13801
96900 0.0484253 2.15985
97000 0.0484753 2.13642
97100 0.0485253 2.17982
97200 0.0485753 2.12379
97300 0.0486253 2.11001
97400 0.0486753 2.09615
97500 0.0487253 2.11289
97600 0.0487753 2.13246
97700 0.0488253 2.13053
97800 0.0488753 2.12854
97900 0.0489253 2.14461
98000 0.0489753 2.16869
98100 0.0490253 2.17035
98200 0.0490753 2.14878
98300 0.0491253 2.17446
98400 0.0491752 2.1392
98500 0.0492253 2.15192
98600 0.0492753 2.13971
98700 0.0493253 2.13956
98800 0.0493753 2.11892
98900 0.0494253 2.17978
99000 0.0494753 2.16764
99100 0.0495252 2.19406
99200 0.0495753 2.19886
99300 0.0496253 2.17194
99400 0.0496753 2.20669
99500 0.0497253 2.15952
99600 0.0497753 2.14428
99700 0.0498253 2.15085
99800 0.0498753 2.1377
99900 0.0499253 2.18844
100000 0.0499753 2.19711
100100 0.0500253 2.18092
100200 0.0500753 2.19859
100300 0.0501253 2.25413
100400 0.0501753 2.24903
100500 0.0502253 2.20004
100600 0.0502753 2.19243
100700 0.0503253 2.13615
100800 0.0503753 2.16205
100900 0.0504253 2.19012
101000 0.0504753 2.17905
101100 0.0505253 2.20829
101200 0.0505753 2.22619
101300 0.0506253 2.23412
101400 0.0506753 2.256
101500 0.0507253 2.22876
101600 0.0507753 2.2409
101700 0.0508253 2.2189
101800 0.0508753 2.24549
101900 0.0509253 2.19604
102000 0.0509753 2.23028
102100 0.0510252 2.21647
102200 0.0510753 2.19436
102300 0.0511253 2.17605
102400 0.0511753 2.22417
102500 0.0512253 2.2334
102600 0.0512753 2.24853
102700 0.0513253 2.25278
102800 0.0513753 2.24271
102900 0.0514253 2.25327
103000 0.0514753 2.25858
103100 0.0515253 2.26266
103200 0.0515753 2.2278
103300 0.0516253 2.27231
103400 0.0516753 2.26706
103500 0.0517253 2.29239
103600 0.0517752 2.25069
103700 0.0518253 2.25229
103800 0.0518753 2.26988
103900 0.0519253 2.26246
104000 0.0519753 2.30065
104100 0.0520252 2.27365
104200 0.0520753 2.26332
104300 0.0521253 2.26306
104400 0.0521753 2.28463
104500 0.0522253 2.2944
104600 0.0522753 2.2879
104700 0.0523253 2.31287
104800 0.0523752 2.28617
104900 0.0524253 2.32053
105000 0.0524753 2.31795
105100 0.0525253 2.30273
105200 0.0525753 2.30744
105300 0.0526253 2.30956
105400 0.0526753 2.2645
105500 0.0527253 2.30395
105600 0.0527752 2.29584
105700 0.0528253 2.28908
105800 0.0528753 2.3012
105900 0.0529253 2.30931
106000 0.0529753 2.31105
106100 0.0530252 2.35834
106200 0.0530753 2.32824
106300 0.0531252 2.32397
106400 0.0531753 2.31885
106500 0.0532253 2.3296
106600 0.0532753 2.29109
106700 0.0533253 2.25074
106800 0.0533753 2.28585
106900 0.0534253 2.31129
107000 0.0534753 2.32894
107100 0.0535253 2.34319
107200 0.0535753 2.38276
107300 0.0536252 2.35866
107400 0.0536753 2.31896
107500 0.0537253 2.28949
107600 0.0537753 2.32576
107700 0.0538253 2.34608
107800 0.0538752 2.36642
107900 0.0539253 2.34221
108000 0.0539753 2.38063
108100 0.0540253 2.38161
108200 0.0540753 2.34056
108300 0.0541252 2.35504
108400 0.0541753 2.33722
108500 0.0542253 2.33906
108600 0.0542753 2.36459
108700 0.0543253 2.36683
108800 0.0543752 2.371
108900 0.0544253 2.3392
109000 0.0544753 2.3314
109100 0.0545253 2.36126
109200 0.0545753 2.38761
109300 0.0546253 2.39983
109400 0.0546753 2.3856
109500 0.0547253 2.40065
109600 0.0547753 2.4281
109700 0.0548253 2.41156
109800 0.0548753 2.35941
109900 0.0549253 2.31866
110000 0.0549753 2.3555
110100 0.0550253 2.40555
110200 0.0550753 2.34971
110300 0.0551253 2.35452
110400 0.0551753 2.38724
110500 0.0552252 2.40701
110600 0.0552753 2.43545
110700 0.0553253 2.43954
110800 0.0553752 2.44075
110900 0.0554253 2.41841
111000 0.0554753 2.42718
111100 0.0555253 2.37773
111200 0.0555753 2.39113
111300 0.0556252 2.36567
111400 0.0556753 2.4017
111500 0.0557252 2.42167
111600 0.0557753 2.41233
111700 0.0558253 2.43216
111800 0.0558753 2.46981
111900 0.0559253 2.46276
112000 0.0559752 2.4709
112100 0.0560253 2.41893
112200 0.0560753 2.38407
112300 0.0561252 2.41887
112400 0.0561753 2.40809
112500 0.0562253 2.40601
112600 0.0562753 2.44486
112700 0.0563253 2.44284
112800 0.0563753 2.4324
112900 0.0564253 2.43163
113000 0.0564752 2.46392
113100 0.0565253 2.45025
113200 0.0565753 2.45594
113300 0.0566253 2.42048
113400 0.0566753 2.40851
113500 0.0567252 2.45381
113600 0.0567753 2.41973
113700 0.0568253 2.45841
113800 0.0568753 2.47126
113900 0.0569253 2.45528
114000 0.0569752 2.48592
114100 0.0570253 2.47829
114200 0.0570753 2.499
114300 0.0571253 2.45854
114400 0.0571753 2.49287
114500 0.0572252 2.4509
114600 0.0572753 2.44182
114700 0.0573253 2.45487
114800 0.0573753 2.4432
114900 0.0574253 2.49283
115000 0.0574752 2.50399
115100 0.0575253 2.49849
115200 0.0575753 2.52643
115300 0.0576253 2.50497
115400 0.0576753 2.48648
115500 0.0577252 2.4961
115600 0.0577753 2.47897
115700 0.0578253 2.47286
115800 0.0578753 2.46513
115900 0.0579253 2.48215
116000 0.0579752 2.48639
116100 0.0580253 2.51186
116200 0.0580752 2.52328
116300 0.0581253 2.54742
116400 0.0581753 2.51313
116500 0.0582252 2.55966
116600 0.0582753 2.54017
116700 0.0583253 2.51386
116800 0.0583753 2.50497
116900 0.0584253 2.52976
117000 0.0584753 2.51764
117100 0.0585253 2.48488
117200 0.0585752 2.53352
117300 0.0586253 2.53319
117400 0.0586753 2.52192
117500 0.0587252 2.56041
117600 0.0587753 2.56635
117700 0.0588252 2.56836
117800 0.0588753 2.57488
117900 0.0589253 2.54039
118000 0.0589753 2.52914
118100 0.0590253 2.55264
118200 0.0590752 2.51595
118300 0.0591253 2.55474
118400 0.0591753 2.55057
118500 0.0592253 2.58533
118600 0.0592753 2.551
118700 0.0593252 2.57555
118800 0.0593753 2.60625
118900 0.0594253 2.56833
119000 0.0594753 2.58953
119100 0.0595253 2.58816
119200 0.0595752 2.5322
119300 0.0596253 2.5604
119400 0.0596753 2.54459
119500 0.0597253 2.57136
119600 0.0597753 2.57498
119700 0.0598252 2.61194
119800 0.0598753 2.57117
119900 0.0599253 2.5741
120000 0.0599753 2.59647
120100 0.0600253 2.57153
120200 0.0600753 2.602
120300 0.0601253 2.59262
120400 0.0601753 2.55435
120500 0.0602253 2.61669
120600 0.0602753 2.5898
120700 0.0603252 2.59396
120800 0.0603753 2.63358
120900 0.0604252 2.62024
121000 0.0604753 2.58819
121100 0.0605253 2.6727
121200 0.0605753 2.60316
121300 0.0606253 2.67248
121400 0.0606753 2.63276
121500 0.0607253 2.6078
121600 0.0607753 2.62892
121700 0.0608252 2.63062
121800 0.0608753 2.58389
121900 0.0609253 2.60233
122000 0.0609753 2.64002
122100 0.0610253 2.65213
122200 0.0610752 2.62625
122300 0.0611253 2.66388
122400 0.0611753 2.63787
122500 0.0612253 2.6523
122600 0.0612753 2.63945
122700 0.0613253 2.64897
122800 0.0613753 2.66077
122900 0.0614253 2.63673
123000 0.0614753 2.63341
123100 0.0615253 2.63318
123200 0.0615753 2.67918
123300 0.0616253 2.64134
123400 0.0616753 2.64975
123500 0.0617253 2.65507
123600 0.0617753 2.67112
123700 0.0618253 2.67682
123800 0.0618753 2.71341
123900 0.0619253 2.66445
124000 0.0619753 2.66256
124100 0.0620253 2.72971
124200 0.0620753 2.65194
124300 0.0621253 2.65806
124400 0.0621752 2.67014
124500 0.0622253 2.64952
124600 0.0622753 2.68331
124700 0.0623253 2.6633
124800 0.0623753 2.66147
124900 0.0624252 2.7022
125000 0.0624753 2.68884
125100 0.0625253 2.66169
125200 0.0625753 2.67232
125300 0.0626253 2.70538
125400 0.0626752 2.689
125500 0.0627253 2.70003
125600 0.0627753 2.66579
125700 0.0628253 2.64805
125800 0.0628753 2.69302
125900 0.0629253 2.65817
126000 0.0629753 2.68029
126100 0.0630253 2.70035
126200 0.0630753 2.70236
126300 0.0631253 2.73027
126400 0.0631753 2.71144
126500 0.0632253 2.71798
126600 0.0632753 2.71294
126700 0.0633253 2.68794
126800 0.0633753 2.69091
126900 0.0634253 2.69098
127000 0.0634753 2.72375
127100 0.0635253 2.74816
127200 0.0635753 2.694
127300 0.0636253 2.70506
127400 0.0636753 2.75654
127500 0.0637253 2.70108
127600 0.0637752 2.71743
127700 0.0638253 2.7112
127800 0.0638753 2.70424
127900 0.0639253 2.75816
128000 0.0639753 2.72094
128100 0.0640252 2.75912
128200 0.0640753 2.77414
128300 0.0641253 2.75116
128400 0.0641753 2.76205
128500 0.0642253 2.74302
128600 0.0642752 2.75865
128700 0.0643253 2.73817
128800 0.0643753 2.75306
128900 0.0644253 2.72633
129000 0.0644753 2.75914
129100 0.0645252 2.71687
129200 0.0645753 2.78856
129300 0.0646253 2.79177
129400 0.0646753 2.78466
129500 0.0647253 2.78476
129600 0.0647753 2.79471
129700 0.0648253 2.77321
129800 0.0648753 2.76615
129900 0.0649253 2.81402
130000 0.0649753 2.77167
130100 0.0650253 2.77667
130200 0.0650753 2.73563
130300 0.0651253 2.79475
130400 0.0651753 2.7604
130500 0.0652253 2.80446
130600 0.0652753 2.81971
130700 0.0653253 2.81303
130800 0.0653753 2.85535
130900 0.0654253 2.72801
131000 0.0654753 2.75767
131100 0.0655253 2.78876
131200 0.0655753 2.75662
131300 0.0656252 2.78362
131400 0.0656753 2.79584
131500 0.0657253 2.78289
131600 0.0657753 2.84905
131700 0.0658253 2.82314
131800 0.0658753 2.80027
131900 0.0659253 2.8275
132000 0.0659753 2.79126
132100 0.0660252 2.75683
132200 0.0660753 2.79865
132300 0.0661253 2.74719
132400 0.0661753 2.83471
132500 0.0662253 2.88301
132600 0.0662753 2.87348
132700 0.0663253 2.88648
132800 0.0663752 2.82403
132900 0.0664253 2.83415
133000 0.0664753 2.8384
133100 0.0665253 2.81629
133200 0.0665753 2.80133
133300 0.0666253 2.76713
133400 0.0666753 2.80176
133500 0.0667253 2.81224
133600 0.0667753 2.85681
133700 0.0668253 2.88308
133800 0.0668753 2.8606
133900 0.0669253 2.90394
134000 0.0669753 2.85229
134100 0.0670253 2.85859
134200 0.0670753 2.83224
134300 0.0671252 2.80519
134400 0.0671753 2.82317
134500 0.0672253 2.79894
134600 0.0672753 2.80941
134700 0.0673253 2.87525
134800 0.0673753 2.91319
134900 0.0674253 2.92716
135000 0.0674753 2.92907
135100 0.0675253 2.87993
135200 0.0675753 2.86048
135300 0.0676253 2.86886
135400 0.0676753 2.86457
135500 0.0677253 2.8582
135600 0.0677753 2.87403
135700 0.0678253 2.84549
135800 0.0678753 2.87207
135900 0.0679253 2.92413
136000 0.0679753 2.90639
136100 0.0680253 2.9336
136200 0.0680753 2.95138
136300 0.0681253 2.92623
136400 0.0681753 2.86392
136500 0.0682253 2.86379
136600 0.0682753 2.88459
136700 0.0683253 2.89428
136800 0.0683753 2.87622
136900 0.0684253 2.88702
137000 0.0684753 2.93139
137100 0.0685253 2.97694
137200 0.0685753 2.93323
137300 0.0686253 2.92355
137400 0.0686753 2.90527
137500 0.0687253 2.92667
137600 0.0687753 2.93097
137700 0.0688253 2.85752
137800 0.0688753 2.85196
137900 0.0689253 2.89525
138000 0.0689753 2.9147
138100 0.0690253 2.9403
138200 0.0690753 2.95232
138300 0.0691253 2.95662
138400 0.0691753 2.99452
138500 0.0692253 2.99897
138600 0.0692753 2.97359
138700 0.0693253 2.94452
138800 0.0693753 2.87027
138900 0.0694253 2.89509
139000 0.0694753 2.94505
139100 0.0695253 2.90125
139200 0.0695753 2.91625
139300 0.0696253 2.95811
139400 0.0696753 3.03459
139500 0.0697253 3.0335
139600 0.0697753 3.00986
139700 0.0698253 2.97332
139800 0.0698753 2.98349
139900 0.0699253 2.95508
140000 0.0699753 2.9439
140100 0.0700253 2.93812
140200 0.0700753 2.98088
140300 0.0701253 2.98865
140400 0.0701753 2.98446
140500 0.0702253 3.017
140600 0.0702753 3.01944
140700 0.0703253 3.03738
140800 0.0703753 3.00189
140900 0.0704253 2.99081
141000 0.0704753 2.97753
141100 0.0705253 2.95629
141200 0.0705753 2.93796
141300 0.0706253 2.95983
141400 0.0706753 2.97896
141500 0.0707253 3.01244
141600 0.0707753 3.04298
141700 0.0708253 3.04684
141800 0.0708753 3.04297
141900 0.0709253 3.0233
142000 0.0709753 3.01178
142100 0.0710253 2.94737
142200 0.0710752 2.94511
142300 0.0711253 2.9441
142400 0.0711753 3.00417
142500 0.0712253 3.02876
142600 0.0712753 3.04953
142700 0.0713253 3.05922
142800 0.0713753 3.07204
142900 0.0714253 3.05632
143000 0.0714753 3.05081
143100 0.0715253 3.03694
143200 0.0715753 2.98633
143300 0.0716253 2.98214
143400 0.0716753 2.99215
143500 0.0717253 3.00552
143600 0.0717753 2.98283
143700 0.0718253 3.02487
143800 0.0718753 3.03595
143900 0.0719253 3.04481
144000 0.0719753 3.08116
144100 0.0720253 3.05542
144200 0.0720753 3.00595
144300 0.0721253 3.01898
144400 0.0721753 2.98876
144500 0.0722253 3.01775
144600 0.0722753 2.99168
144700 0.0723253 2.97814
144800 0.0723753 3.02607
144900 0.0724252 3.09813
145000 0.0724753 3.0651
145100 0.0725253 3.06776
145200 0.0725753 3.12316
145300 0.0726253 3.10508
145400 0.0726753 3.05331
145500 0.0727253 3.04583
145600 0.0727753 2.97408
145700 0.0728253 3.04123
145800 0.0728753 3.0765
145900 0.0729253 3.06296
146000 0.0729753 3.06593
146100 0.0730253 3.08044
146200 0.0730753 3.10092
146300 0.0731253 3.09327
146400 0.0731753 3.10491
146500 0.0732253 3.10055
146600 0.0732753 3.03411
146700 0.0733253 3.07371
146800 0.0733753 3.04555
146900 0.0734253 3.06342
147000 0.0734753 3.07626
147100 0.0735253 3.0916
147200 0.0735753 3.12911
147300 0.0736253 3.15666
147400 0.0736753 3.15499
147500 0.0737253 3.1059
147600 0.0737753 3.09957
147700 0.0738253 3.09942
147800 0.0738753 3.08893
147900 0.0739253 3.10294
148000 0.0739753 3.0791
148100 0.0740253 3.08512
148200 0.0740753 3.14386
148300 0.0741253 3.15623
148400 0.0741753 3.17619
148500 0.0742253 3.16967
148600 0.0742753 3.16266
148700 0.0743253 3.15418
148800 0.0743753 3.10429
148900 0.0744253 3.09483
149000 0.0744753 3.10785
149100 0.0745253 3.12992
149200 0.0745753 3.13322
149300 0.0746253 3.13347
149400 0.0746753 3.17458
149500 0.0747253 3.14802
149600 0.0747753 3.20069
149700 0.0748253 3.20237
149800 0.0748753 3.13786
149900 0.0749253 3.10473
150000 0.0749753 3.13107
150100 0.0750253 3.14129
150200 0.0750753 3.10782
150300 0.0751253 3.107
150400 0.0751753 3.1425
150500 0.0752253 3.16779
150600 0.0752753 3.17313
150700 0.0753253 3.14925
150800 0.0753753 3.12682
150900 0.0754253 3.19961
151000 0.0754753 3.12176
151100 0.0755253 3.10487
151200 0.0755753 3.11717
151300 0.0756253 3.12526
151400 0.0756753 3.18807
151500 0.0757253 3.19653
151600 0.0757753 3.23918
151700 0.0758253 3.22071
151800 0.0758753 3.21336
151900 0.0759253 3.22048
152000 0.0759753 3.18549
152100 0.0760253 3.17155
152200 0.0760753 3.14022
152300 0.0761253 3.15812
152400 0.0761752 3.16891
152500 0.0762253 3.17472
152600 0.0762753 3.19008
152700 0.0763253 3.19651
152800 0.0763753 3.20854
152900 0.0764253 3.23969
153000 0.0764753 3.20109
153100 0.0765253 3.19098
153200 0.0765753 3.1822
153300 0.0766253 3.17998
153400 0.0766753 3.20376
153500 0.0767253 3.17461
153600 0.0767753 3.17728
153700 0.0768253 3.22177
153800 0.0768753 3.26681
153900 0.0769253 3.28267
154000 0.0769753 3.23284
154100 0.0770253 3.22909
154200 0.0770753 3.19134
154300 0.0771253 3.2104
154400 0.0771753 3.24569
154500 0.0772253 3.18295
154600 0.0772753 3.2
154700 0.0773253 3.22478
154800 0.0773753 3.2308
154900 0.0774253 3.26818
155000 0.0774753 3.2625
155100 0.0775253 3.26305
155200 0.0775753 3.2935
155300 0.0776253 3.24663
155400 0.0776753 3.2541
155500 0.0777253 3.23353
155600 0.0777753 3.21671
155700 0.0778253 3.1828
155800 0.0778753 3.21201
155900 0.0779253 3.24011
156000 0.0779753 3.31392
156100 0.0780253 3.28328
156200 0.0780753 3.32683
156300 0.0781253 3.32895
156400 0.0781753 3.27961
156500 0.0782253 3.29726
156600 0.0782753 3.24236
156700 0.0783253 3.2526
156800 0.0783753 3.2323
156900 0.0784253 3.22421
157000 0.0784753 3.25899
157100 0.0785253 3.31992
157200 0.0785753 3.326
157300 0.0786253 3.29931
157400 0.0786753 3.30988
157500 0.0787253 3.2952
157600 0.0787753 3.29521
157700 0.0788253 3.2741
157800 0.0788753 3.23685
157900 0.0789253 3.22932
158000 0.0789753 3.27894
158100 0.0790253 3.24996
158200 0.0790753 3.26392
158300 0.0791253 3.30781
158400 0.0791753 3.28902
158500 0.0792253 3.35093
158600 0.0792753 3.34524
158700 0.0793253 3.31933
158800 0.0793753 3.33748
158900 0.0794253 3.33649
159000 0.0794753 3.31069
159100 0.0795253 3.32278
159200 0.0795753 3.25803
159300 0.0796253 3.31194
159400 0.0796753 3.34327
159500 0.0797253 3.36656
159600 0.0797753 3.35865
159700 0.0798253 3.34254
159800 0.0798753 3.31166
159900 0.0799253 3.31451
160000 0.0799753 3.34783
160100 0.0800253 3.26681
160200 0.0800753 3.31387
160300 0.0801253 3.33778
160400 0.0801753 3.33147
160500 0.0802253 3.31789
160600 0.0802753 3.32234
160700 0.0803253 3.36579
160800 0.0803753 3.41853
160900 0.0804253 3.34824
161000 0.0804753 3.33848
161100 0.0805253 3.29125
161200 0.0805753 3.33053
161300 0.0806253 3.33575
161400 0.0806753 3.3166
161500 0.0807253 3.31398
161600 0.0807753 3.32846
161700 0.0808253 3.4016
161800 0.0808753 3.41626
161900 0.0809253 3.3794
162000 0.0809753 3.36489
162100 0.0810252 3.39431
162200 0.0810753 3.40618
162300 0.0811253 3.37394
162400 0.0811753 3.3469
162500 0.0812253 3.32229
162600 0.0812753 3.38663
162700 0.0813253 3.37777
162800 0.0813753 3.34798
162900 0.0814253 3.36035
163000 0.0814753 3.4157
163100 0.0815253 3.41861
163200 0.0815753 3.41371
163300 0.0816253 3.39211
163400 0.0816753 3.36843
163500 0.0817252 3.42822
163600 0.0817753 3.36818
163700 0.0818253 3.3789
163800 0.0818753 3.36729
163900 0.0819253 3.39621
164000 0.0819753 3.38439
164100 0.0820253 3.38226
164200 0.0820753 3.36838
164300 0.0821253 3.38518
164400 0.0821753 3.38957
164500 0.0822253 3.40472
164600 0.0822753 3.35183
164700 0.0823253 3.35161
164800 0.0823752 3.40101
164900 0.0824253 3.38408
165000 0.0824753 3.40736
165100 0.0825253 3.39012
165200 0.0825753 3.42041
165300 0.0826253 3.41455
165400 0.0826753 3.44502
165500 0.0827253 3.4291
165600 0.0827753 3.46704
165700 0.0828253 3.39402
165800 0.0828753 3.40475
165900 0.0829253 3.40502
166000 0.0829753 3.45845
166100 0.0830253 3.41308
166200 0.0830753 3.41341
166300 0.0831253 3.41298
166400 0.0831753 3.47273
166500 0.0832253 3.51655
166600 0.0832753 3.47195
166700 0.0833253 3.46603
166800 0.0833753 3.45193
166900 0.0834253 3.43094
167000 0.0834753 3.43941
167100 0.0835253 3.40973
167200 0.0835753 3.47482
167300 0.0836253 3.4006
167400 0.0836753 3.42342
167500 0.0837253 3.4344
167600 0.0837753 3.44974
167700 0.0838252 3.43308
167800 0.0838753 3.46845
167900 0.0839253 3.51047
168000 0.0839753 3.49996
168100 0.0840253 3.47417
168200 0.0840753 3.43733
168300 0.0841253 3.41877
168400 0.0841753 3.45074
168500 0.0842253 3.47474
168600 0.0842753 3.46785
168700 0.0843253 3.52456
168800 0.0843753 3.50055
168900 0.0844253 3.52035
169000 0.0844753 3.52207
169100 0.0845253 3.52174
169200 0.0845753 3.45878
169300 0.0846253 3.5056
169400 0.0846753 3.46119
169500 0.0847253 3.50793
169600 0.0847753 3.51251
169700 0.0848253 3.51639
169800 0.0848753 3.53383
169900 0.0849253 3.54707
170000 0.0849753 3.51473
170100 0.0850253 3.53122
170200 0.0850753 3.53565
170300 0.0851253 3.48688
170400 0.0851753 3.5036
170500 0.0852253 3.50822
170600 0.0852753 3.49459
170700 0.0853252 3.51142
170800 0.0853753 3.54942
170900 0.0854253 3.52762
171000 0.0854753 3.54244
171100 0.0855253 3.53965
171200 0.0855753 3.58721
171300 0.0856253 3.52079
171400 0.0856753 3.51556
171500 0.0857253 3.50643
171600 0.0857753 3.5402
171700 0.0858253 3.56979
171800 0.0858753 3.5581
171900 0.0859253 3.56061
172000 0.0859753 3.54054
172100 0.0860253 3.58697
172200 0.0860753 3.59971
172300 0.0861253 3.59454
172400 0.0861753 3.56251
172500 0.0862253 3.54996
172600 0.0862753 3.58269
172700 0.0863253 3.52951
172800 0.0863753 3.5205
172900 0.0864253 3.54628
173000 0.0864753 3.59103
173100 0.0865253 3.569
173200 0.0865753 3.5854
173300 0.0866253 3.58821
173400 0.0866753 3.57381
173500 0.0867253 3.5734
173600 0.0867753 3.57173
173700 0.0868253 3.52786
173800 0.0868753 3.54589
173900 0.0869253 3.53442
174000 0.0869753 3.58152
174100 0.0870253 3.58097
174200 0.0870753 3.60611
174300 0.0871253 3.60841
174400 0.0871753 3.64861
174500 0.0872253 3.55842
174600 0.0872753 3.54835
174700 0.0873253 3.53391
174800 0.0873753 3.53994
174900 0.0874253 3.53329
175000 0.0874753 3.53675
175100 0.0875253 3.52299
175200 0.0875753 3.60208
175300 0.0876253 3.6449
175400 0.0876753 3.67362
175500 0.0877253 3.63778
175600 0.0877753 3.62052
175700 0.0878253 3.6215
175800 0.0878753 3.59281
175900 0.0879253 3.56027
176000 0.0879753 3.52841
176100 0.0880253 3.57882
176200 0.0880753 3.57198
176300 0.0881253 3.61357
176400 0.0881752 3.66724
176500 0.0882253 3.68411
176600 0.0882753 3.68046
176700 0.0883253 3.6801
176800 0.0883753 3.67291
176900 0.0884252 3.65129
177000 0.0884753 3.59308
177100 0.0885253 3.51474
177200 0.0885753 3.56892
177300 0.0886253 3.60674
177400 0.0886753 3.60695
177500 0.0887253 3.64102
177600 0.0887753 3.66988
177700 0.0888253 3.68748
177800 0.0888753 3.77638
177900 0.0889253 3.7074
178000 0.0889753 3.62486
178100 0.0890253 3.63593
178200 0.0890753 3.61298
178300 0.0891253 3.61584
178400 0.0891753 3.65218
178500 0.0892253 3.5949
178600 0.0892753 3.63132
178700 0.0893253 3.70345
178800 0.0893753 3.74836
178900 0.0894253 3.72512
179000 0.0894753 3.73033
179100 0.0895253 3.71523
179200 0.0895753 3.67517
179300 0.0896253 3.67121
179400 0.0896753 3.59967
179500 0.0897253 3.57219
179600 0.0897753 3.63585
179700 0.0898253 3.68688
179800 0.0898753 3.77571
179900 0.0899253 3.75619
180000 0.0899753 3.76426
180100 0.0900253 3.77334
180200 0.0900753 3.75925
180300 0.0901253 3.73862
180400 0.0901753 3.66812
180500 0.0902253 3.62519
180600 0.0902753 3.62911
180700 0.0903253 3.63496
180800 0.0903753 3.68767
180900 0.0904253 3.76678
181000 0.0904753 3.75531
181100 0.0905253 3.74647
181200 0.0905753 3.78956
181300 0.0906253 3.79186
181400 0.0906753 3.75009
181500 0.0907253 3.64256
181600 0.0907753 3.64997
181700 0.0908253 3.6642
181800 0.0908753 3.68537
181900 0.0909252 3.67936
182000 0.0909753 3.68617
182100 0.0910253 3.74137
182200 0.0910753 3.83165
182300 0.0911253 3.83197
182400 0.0911753 3.75356
182500 0.0912253 3.69775
182600 0.0912753 3.71047
182700 0.0913253 3.67444
182800 0.0913753 3.67664
182900 0.0914253 3.64618
183000 0.0914753 3.67661
183100 0.0915253 3.7776
183200 0.0915753 3.79878
183300 0.0916253 3.77921
183400 0.0916753 3.77056
183500 0.0917253 3.80179
183600 0.0917753 3.71794
183700 0.0918253 3.72286
183800 0.0918753 3.6741
183900 0.0919253 3.68351
184000 0.0919753 3.70606
184100 0.0920253 3.73429
184200 0.0920753 3.75209
184300 0.0921252 3.82958
184400 0.0921753 3.84282
184500 0.0922253 3.79026
184600 0.0922753 3.79343
184700 0.0923253 3.74562
184800 0.0923753 3.76735
184900 0.0924253 3.72286
185000 0.0924753 3.71348
185100 0.0925253 3.73443
185200 0.0925753 3.72933
185300 0.0926253 3.75059
185400 0.0926753 3.75633
185500 0.0927252 3.78204
185600 0.0927753 3.84936
185700 0.0928253 3.85482
185800 0.0928753 3.8397
185900 0.0929253 3.82571
186000 0.0929753 3.75479
186100 0.0930253 3.76422
186200 0.0930753 3.76662
186300 0.0931253 3.73062
186400 0.0931753 3.78795
186500 0.0932253 3.78471
186600 0.0932753 3.81817
186700 0.0933253 3.8342
186800 0.0933753 3.89749
186900 0.0934253 3.86137
187000 0.0934753 3.8406
187100 0.0935253 3.81228
187200 0.0935753 3.77065
187300 0.0936252 3.77487
187400 0.0936753 3.77753
187500 0.0937253 3.77529
187600 0.0937753 3.80581
187700 0.0938253 3.82531
187800 0.0938753 3.8493
187900 0.0939253 3.84658
188000 0.0939753 3.84437
188100 0.0940253 3.83122
188200 0.0940753 3.79826
188300 0.0941253 3.84511
188400 0.0941753 3.84408
188500 0.0942253 3.78382
188600 0.0942753 3.80259
188700 0.0943253 3.82891
188800 0.0943753 3.86198
188900 0.0944253 3.87278
189000 0.0944753 3.90806
189100 0.0945253 3.92099
189200 0.0945753 3.8826
189300 0.0946253 3.88972
189400 0.0946753 3.82884
189500 0.0947253 3.82062
189600 0.0947753 3.83363
189700 0.0948253 3.81589
189800 0.0948753 3.89917
189900 0.0949253 3.90026
190000 0.0949753 3.91991
190100 0.0950253 3.93988
190200 0.0950753 3.94217
190300 0.0951253 3.91523
190400 0.0951753 3.91417
190500 0.0952253 3.8355
190600 0.0952753 3.8598
190700 0.0953253 3.86303
190800 0.0953753 3.86506
190900 0.0954253 3.87828
191000 0.0954753 3.90218
191100 0.0955253 3.89912
191200 0.0955753 3.91108
191300 0.0956253 3.97426
191400 0.0956753 3.96282
191500 0.0957252 3.96265
191600 0.0957753 3.9068
191700 0.0958253 3.86694
191800 0.0958753 3.85739
191900 0.0959253 3.8721
192000 0.0959753 3.89229
192100 0.0960253 3.91779
192200 0.0960753 3.94373
192300 0.0961253 3.94603
192400 0.0961753 3.94816
192500 0.0962253 3.96199
192600 0.0962753 3.99737
192700 0.0963253 3.93524
192800 0.0963753 3.95052
192900 0.0964253 3.90765
193000 0.0964753 3.88498
193100 0.0965253 3.9335
193200 0.0965753 3.90674
193300 0.0966253 3.93096
193400 0.0966753 3.96657
193500 0.0967253 3.99961
193600 0.0967753 4.00892
193700 0.0968253 3.97534
193800 0.0968753 4.00083
193900 0.0969253 3.97835
194000 0.0969753 3.99554
194100 0.0970253 3.96211
194200 0.0970753 3.94645
194300 0.0971253 3.94344
194400 0.0971753 3.97037
194500 0.0972253 3.96134
194600 0.0972753 3.96519
194700 0.0973253 3.958
194800 0.0973753 3.96093
194900 0.0974253 3.96547
195000 0.0974753 4.02842
195100 0.0975253 4.00117
195200 0.0975753 3.92246
195300 0.0976253 3.92296
195400 0.0976753 3.90633
195500 0.0977253 3.98493
195600 0.0977753 3.96089
195700 0.0978253 3.93389
195800 0.0978753 3.97697
195900 0.0979253 4.01731
196000 0.0979753 4.04287
196100 0.0980253 4.0563
196200 0.0980753 4.00545
196300 0.0981253 3.989
196400 0.0981753 4.01762
196500 0.0982253 3.98892
196600 0.0982753 3.95326
196700 0.0983253 3.97959
196800 0.0983753 3.99658
196900 0.0984253 3.9689
197000 0.0984753 3.99181
197100 0.0985253 4.0354
197200 0.0985753 4.07639
197300 0.0986253 4.0791
197400 0.0986753 4.07372
197500 0.0987253 4.04572
197600 0.0987753 4.00754
197700 0.0988253 3.98812
197800 0.0988753 3.98252
197900 0.0989253 3.98296
198000 0.0989753 4.00102
198100 0.0990253 4.02294
198200 0.0990753 4.05066
198300 0.0991253 4.02011
198400 0.0991753 4.07106
198500 0.0992253 4.08736
198600 0.0992753 4.02649
198700 0.0993253 4.01487
198800 0.0993753 4.0001
198900 0.0994253 3.97824
199000 0.0994753 4.02702
199100 0.0995253 4.01691
199200 0.0995753 4.0114
199300 0.0996253 4.04629
199400 0.0996753 4.05761
199500 0.0997253 4.0269
199600 0.0997753 4.04561
199700 0.0998253 4.04663
199800 0.0998753 4.09404
199900 0.0999252 4.09117
200000 0.0999753 4.03825
200100 0.100025 3.98634
200200 0.100075 4.03113
200300 0.100125 4.06847
200400 0.100175 4.11137
200500 0.100225 4.0687
200600 0.100275 4.06768
200700 0.100325 4.10691
200800 0.100375 4.05647
200900 0.100425 4.07926
201000 0.100475 4.0325
201100 0.100525 4.0668
201200 0.100575 4.06953
201300 0.100625 4.02855
201400 0.100675 4.01235
201500 0.100725 4.0555
201600 0.100775 4.07663
201700 0.100825 4.09711
201800 0.100875 4.13019
201900 0.100925 4.08185
202000 0.100975 4.08787
202100 0.101025 4.15106
202200 0.101075 4.09087
202300 0.101125 4.05984
202400 0.101175 4.03668
202500 0.101225 4.04718
202600 0.101275 4.05568
202700 0.101325 4.11577
202800 0.101375 4.09514
202900 0.101425 4.08827
203000 0.101475 4.10133
203100 0.101525 4.16185
203200 0.101575 4.10325
203300 0.101625 4.17183
203400 0.101675 4.1334
203500 0.101725 4.17738
203600 0.101775 4.17387
203700 0.101825 4.12804
203800 0.101875 4.13576
203900 0.101925 4.13717
204000 0.101975 4.14565
204100 0.102025 4.18446
204200 0.102075 4.17759
204300 0.102125 4.17416
204400 0.102175 4.13787
204500 0.102225 4.14332
204600 0.102275 4.1472
204700 0.102325 4.1188
204800 0.102375 4.16139
204900 0.102425 4.1996
205000 0.102475 4.1744
205100 0.102525 4.15155
205200 0.102575 4.1741
205300 0.102625 4.1587
205400 0.102675 4.16356
205500 0.102725 4.19995
205600 0.102775 4.16931
205700 0.102825 4.17858
205800 0.102875 4.15853
205900 0.102925 4.09494
206000 0.102975 4.14673
206100 0.103025 4.16195
206200 0.103075 4.19065
206300 0.103125 4.20716
206400 0.103175 4.19429
206500 0.103225 4.22269
206600 0.103275 4.19267
206700 0.103325 4.17945
206800 0.103375 4.18299
206900 0.103425 4.18322
207000 0.103475 4.17722
207100 0.103525 4.16419
207200 0.103575 4.21067
207300 0.103625 4.1903
207400 0.103675 4.20381
207500 0.103725 4.2645
207600 0.103775 4.23092
207700 0.103825 4.24689
207800 0.103875 4.2073
207900 0.103925 4.194
208000 0.103975 4.23522
208100 0.104025 4.19342
208200 0.104075 4.19953
208300 0.104125 4.22124
208400 0.104175 4.2064
208500 0.104225 4.25224
208600 0.104275 4.20705
208700 0.104325 4.15926
208800 0.104375 4.25099
208900 0.104425 4.27304
209000 0.104475 4.24549
209100 0.104525 4.27463
209200 0.104575 4.24676
209300 0.104625 4.23924
209400 0.104675 4.23834
209500 0.104725 4.21048
209600 0.104775 4.24833
209700 0.104825 4.28061
209800 0.104875 4.25657
209900 0.104925 4.23518
210000 0.104975 4.31103
210100 0.105025 4.29204
210200 0.105075 4.30882
210300 0.105125 4.28855
210400 0.105175 4.2223
210500 0.105225 4.25957
210600 0.105275 4.26243
210700 0.105325 4.23366
210800 0.105375 4.27551
210900 0.105425 4.26307
211000 0.105475 4.27779
211100 0.105525 4.28858
211200 0.105575 4.2582
211300 0.105625 4.24908
211400 0.105675 4.21451
211500 0.105725 4.21834
211600 0.105775 4.26162
211700 0.105825 4.28172
211800 0.105875 4.29416
211900 0.105925 4.28329
212000 0.105975 4.29538
212100 0.106025 4.29678
212200 0.106075 4.32833
212300 0.106125 4.28526
212400 0.106175 4.28548
212500 0.106225 4.29281
212600 0.106275 4.28241
212700 0.106325 4.31284
212800 0.106375 4.29811
212900 0.106425 4.24534
213000 0.106475 4.29789
213100 0.106525 4.31586
213200 0.106575 4.3726
213300 0.106625 4.32901
213400 0.106675 4.36003
213500 0.106725 4.38584
213600 0.106775 4.36663
213700 0.106825 4.33316
213800 0.106875 4.33037
213900 0.106925 4.25538
214000 0.106975 4.30814
214100 0.107025 4.34089
214200 0.107075 4.32057
214300 0.107125 4.29742
214400 0.107175 4.3262
214500 0.107225 4.39138
214600 0.107275 4.39987
214700 0.107325 4.38711
214800 0.107375 4.36381
214900 0.107425 4.35126
215000 0.107475 4.34264
215100 0.107525 4.32755
215200 0.107575 4.32638
215300 0.107625 4.31986
215400 0.107675 4.32438
215500 0.107725 4.31974
215600 0.107775 4.35356
215700 0.107825 4.32046
215800 0.107875 4.34652
215900 0.107925 4.37342
216000 0.107975 4.35661
216100 0.108025 4.40884
216200 0.108075 4.35491
216300 0.108125 4.31167
216400 0.108175 4.32962
216500 0.108225 4.34776
216600 0.108275 4.39523
216700 0.108325 4.39409
216800 0.108375 4.38132
216900 0.108425 4.43867
217000 0.108475 4.41805
217100 0.108525 4.36095
217200 0.108575 4.37442
217300 0.108625 4.36625
217400 0.108675 4.35605
217500 0.108725 4.34498
217600 0.108775 4.32897
217700 0.108825 4.34456
217800 0.108875 4.43254
217900 0.108925 4.42177
218000 0.108975 4.3893
218100 0.109025 4.3733
218200 0.109075 4.37977
218300 0.109125 4.38588
218400 0.109175 4.36415
218500 0.109225 4.32429
218600 0.109275 4.31753
218700 0.109325 4.39892
218800 0.109375 4.39609
218900 0.109425 4.41393
219000 0.109475 4.45819
219100 0.109525 4.45891
219200 0.109575 4.44085
219300 0.109625 4.40932
219400 0.109675 4.4492
219500 0.109725 4.37533
219600 0.109775 4.41591
219700 0.109825 4.40795
219800 0.109875 4.45682
219900 0.109925 4.43968
220000 0.109975 4.45481
220100 0.110025 4.41779
220200 0.110075 4.48642
220300 0.110125 4.45305
220400 0.110175 4.47747
220500 0.110225 4.46385
220600 0.110275 4.42477
220700 0.110325 4.42503
220800 0.110375 4.45513
220900 0.110425 4.4539
221000 0.110475 4.42301
221100 0.110525 4.40346
221200 0.110575 4.41137
221300 0.110625 4.47862
221400 0.110675 4.48543
221500 0.110725 4.45456
221600 0.110775 4.44888
221700 0.110825 4.45966
221800 0.110875 4.49395
221900 0.110925 4.44925
222000 0.110975 4.41794
222100 0.111025 4.42877
222200 0.111075 4.49584
222300 0.111125 4.48949
222400 0.111175 4.47056
222500 0.111225 4.52174
222600 0.111275 4.47505
222700 0.111325 4.48919
222800 0.111375 4.46958
222900 0.111425 4.4492
223000 0.111475 4.45485
223100 0.111525 4.46437
223200 0.111575 4.46322
223300 0.111625 4.46711
223400 0.111675 4.48332
223500 0.111725 4.50932
223600 0.111775 4.49789
223700 0.111825 4.51328
223800 0.111875 4.53402
223900 0.111925 4.53461
224000 0.111975 4.52631
224100 0.112025 4.5477
224200 0.112075 4.51289
224300 0.112125 4.47839
224400 0.112175 4.51572
224500 0.112225 4.46986
224600 0.112275 4.53233
224700 0.112325 4.53617
224800 0.112375 4.57335
224900 0.112425 4.57898
225000 0.112475 4.58477
225100 0.112525 4.56397
225200 0.112575 4.55286
225300 0.112625 4.51451
225400 0.112675 4.52297
225500 0.112725 4.51872
225600 0.112775 4.5418
225700 0.112825 4.53677
225800 0.112875 4.55718
225900 0.112925 4.57286
226000 0.112975 4.56634
226100 0.113025 4.58361
226200 0.113075 4.59354
226300 0.113125 4.56948
226400 0.113175 4.55656
226500 0.113225 4.5389
226600 0.113275 4.53213
226700 0.113325 4.54412
226800 0.113375 4.57643
226900 0.113425 4.55029
227000 0.113475 4.56049
227100 0.113525 4.61308
227200 0.113575 4.58425
227300 0.113625 4.59598
227400 0.113675 4.613
227500 0.113725 4.59224
227600 0.113775 4.5916
227700 0.113825 4.58769
227800 0.113875 4.59196
227900 0.113925 4.58059
228000 0.113975 4.65621
228100 0.114025 4.61285
228200 0.114075 4.64042
228300 0.114125 4.58716
228400 0.114175 4.58574
228500 0.114225 4.53264
228600 0.114275 4.57004
228700 0.114325 4.55663
228800 0.114375 4.56173
228900 0.114425 4.60109
229000 0.114475 4.64228
229100 0.114525 4.64673
229200 0.114575 4.6662
229300 0.114625 4.61937
229400 0.114675 4.60299
229500 0.114725 4.59872
229600 0.114775 4.62631
229700 0.114825 4.59887
229800 0.114875 4.59824
229900 0.114925 4.61025
230000 0.114975 4.62333
230100 0.115025 4.65287
230200 0.115075 4.66649
230300 0.115125 4.66693
230400 0.115175 4.65252
230500 0.115225 4.64013
230600 0.115275 4.64349
230700 0.115325 4.6815
230800 0.115375 4.65772
230900 0.115425 4.64118
231000 0.115475 4.71152
231100 0.115525 4.64048
231200 0.115575 4.65621
231300 0.115625 4.66381
231400 0.115675 4.67569
231500 0.115725 4.67602
231600 0.115775 4.67132
231700 0.115825 4.70479
231800 0.115875 4.69584
231900 0.115925 4.69701
232000 0.115975 4.63713
232100 0.116025 4.70305
232200 0.116075 4.662
232300 0.116125 4.66308
232400 0.116175 4.69156
232500 0.116225 4.71639
232600 0.116275 4.68342
232700 0.116325 4.71722
232800 0.116375 4.71511
232900 0.116425 4.66956
233000 0.116475 4.70193
233100 0.116525 4.69754
233200 0.116575 4.64819
233300 0.116625 4.65825
233400 0.116675 4.72726
233500 0.116725 4.7378
233600 0.116775 4.74636
233700 0.116825 4.78654
233800 0.116875 4.77228
233900 0.116925 4.75526
234000 0.116975 4.72732
234100 0.117025 4.72388
234200 0.117075 4.7271
234300 0.117125 4.66443
234400 0.117175 4.74319
234500 0.117225 4.74726
234600 0.117275 4.75376
234700 0.117325 4.80764
234800 0.117375 4.84409
234900 0.117425 4.79095
235000 0.117475 4.75776
235100 0.117525 4.75121
235200 0.117575 4.71746
235300 0.117625 4.72911
235400 0.117675 4.71528
235500 0.117725 4.68606
235600 0.117775 4.67412
235700 0.117825 4.74003
235800 0.117875 4.76052
235900 0.117925 4.81072
236000 0.117975 4.80107
236100 0.118025 4.8238
236200 0.118075 4.78535
236300 0.118125 4.72481
236400 0.118175 4.72001
236500 0.118225 4.79915
236600 0.118275 4.75201
236700 0.118325 4.70462
236800 0.118375 4.80963
236900 0.118425 4.79565
237000 0.118475 4.8232
237100 0.118525 4.83672
237200 0.118575 4.85336
237300 0.118625 4.88489
237400 0.118675 4.81194
237500 0.118725 4.79166
237600 0.118775 4.74505
237700 0.118825 4.72054
237800 0.118875 4.70047
237900 0.118925 4.75791
238000 0.118975 4.85005
238100 0.119025 4.91268
238200 0.119075 4.89187
238300 0.119125 4.90986
238400 0.119175 4.85653
238500 0.119225 4.84867
238600 0.119275 4.82416
238700 0.119325 4.78434
238800 0.119375 4.77203
238900 0.119425 4.81071
239000 0.119475 4.85133
239100 0.119525 4.84843
239200 0.119575 4.84537
239300 0.119625 4.89774
239400 0.119675 4.91982
239500 0.119725 4.93465
239600 0.119775 4.83836
239700 0.119825 4.8703
239800 0.119875 4.84576
239900 0.119925 4.80676
240000 0.119975 4.82089
240100 0.120025 4.81888
240200 0.120075 4.82271
240300 0.120125 4.8692
240400 0.120175 4.87017
240500 0.120225 4.9629
240600 0.120275 4.94065
240700 0.120325 4.94875
240800 0.120375 4.86697
240900 0.120425 4.86412
241000 0.120475 4.88141
241100 0.120525 4.81191
241200 0.120575 4.82657
241300 0.120625 4.84223
241400 0.120675 4.85376
241500 0.120725 4.94278
241600 0.120775 5.01015
241700 0.120825 4.95052
241800 0.120875 4.94028
241900 0.120925 4.94864
242000 0.120975 4.853
242100 0.121025 4.87629
242200 0.121075 4.85714
242300 0.121125 4.84992
242400 0.121175 4.85803
242500 0.121225 4.89243
242600 0.121275 4.90854
242700 0.121325 4.95896
242800 0.121375 4.97097
242900 0.121425 4.99367
243000 0.121475 4.97533
243100 0.121525 4.9104
243200 0.121575 4.88496
243300 0.121625 4.8823
243400 0.121675 4.83685
243500 0.121725 4.87149
243600 0.121775 4.89612
243700 0.121825 4.90896
243800 0.121875 4.98281
243900 0.121925 4.98745
244000 0.121975 4.99005
244100 0.122025 5.00543
244200 0.122075 5.0131
244300 0.122125 4.98161
244400 0.122175 4.91819
244500 0.122225 4.9119
244600 0.122275 4.94228
244700 0.122325 4.90962
244800 0.122375 4.91478
244900 0.122425 4.94026
245000 0.122475 4.95243
245100 0.122525 4.98733
245200 0.122575 5.00604
245300 0.122625 4.99662
245400 0.122675 5.00429
245500 0.122725 5.02217
245600 0.122775 4.9697
245700 0.122825 4.95666
245800 0.122875 4.92068
245900 0.122925 4.92635
246000 0.122975 4.96623
246100 0.123025 5.02759
246200 0.123075 5.06115
246300 0.123125 5.02909
246400 0.123175 5.09848
246500 0.123225 5.08038
246600 0.123275 4.99468
246700 0.123325 4.983
246800 0.123375 4.94681
246900 0.123425 4.9425
247000 0.123475 4.9516
247100 0.123525 4.94699
247200 0.123575 4.97143
247300 0.123625 4.99643
247400 0.123675 5.05074
247500 0.123725 5.05198
247600 0.123775 5.05423
247700 0.123825 5.07765
247800 0.123875 5.03635
247900 0.123925 4.98459
248000 0.123975 4.99811
248100 0.124025 4.97827
248200 0.124075 4.97879
248300 0.124125 4.95978
248400 0.124175 5.0269
248500 0.124225 5.04693
248600 0.124275 5.0863
248700 0.124325 5.06874
248800 0.124375 5.09138
248900 0.124425 5.04688
249000 0.124475 5.02424
249100 0.124525 4.99529
249200 0.124575 4.94959
249300 0.124625 4.96808
249400 0.124675 4.97997
249500 0.124725 4.99834
249600 0.124775 5.03345
249700 0.124825 5.05225
249800 0.124875 5.10286
249900 0.124925 5.09783
250000 0.124975 5.09891
250100 0.125025 4.98642
250200 0.125075 5.02017
250300 0.125125 4.9811
250400 0.125175 5.02906
250500 0.125225 5.01557
250600 0.125275 5.00121
250700 0.125325 5.02441
250800 0.125375 5.05253
250900 0.125425 5.07274
251000 0.125475 5.06699
251100 0.125525 5.11175
251200 0.125575 5.09227
251300 0.125625 5.13108
251400 0.125675 5.11482
251500 0.125725 5.0566
251600 0.125775 5.06296
251700 0.125825 5.02456
251800 0.125875 5.05086
251900 0.125925 5.08114
252000 0.125975 5.08854
252100 0.126025 5.08074
252200 0.126075 5.0915
252300 0.126125 5.07916
252400 0.126175 5.08728
252500 0.126225 5.13511
252600 0.126275 5.10687
252700 0.126325 5.07748
252800 0.126375 5.09451
252900 0.126425 5.07251
253000 0.126475 5.15315
253100 0.126525 5.17445
253200 0.126575 5.14336
253300 0.126625 5.17082
253400 0.126675 5.18562
253500 0.126725 5.16155
253600 0.126775 5.1471
253700 0.126825 5.10007
253800 0.126875 5.07874
253900 0.126925 5.14012
254000 0.126975 5.13165
254100 0.127025 5.12403
254200 0.127075 5.12047
254300 0.127125 5.10011
254400 0.127175 5.12859
254500 0.127225 5.14504
254600 0.127275 5.14034
254700 0.127325 5.15298
254800 0.127375 5.20542
254900 0.127425 5.22503
255000 0.127475 5.1677
255100 0.127525 5.12033
255200 0.127575 5.08581
255300 0.127625 5.11923
255400 0.127675 5.0817
255500 0.127725 5.12276
255600 0.127775 5.15657
255700 0.127825 5.19549
255800 0.127875 5.20618
255900 0.127925 5.1543
256000 0.127975 5.15971
256100 0.128025 5.1411
256200 0.128075 5.10935
256300 0.128125 5.09793
256400 0.128175 5.1918
256500 0.128225 5.1444
256600 0.128275 5.13539
256700 0.128325 5.13048
256800 0.128375 5.12509
256900 0.128425 5.15378
257000 0.128475 5.1861
257100 0.128525 5.20692
257200 0.128575 5.22484
257300 0.128625 5.15963
257400 0.128675 5.16136
257500 0.128725 5.14326
257600 0.128775 5.14453
257700 0.128825 5.12953
257800 0.128875 5.17053
257900 0.128925 5.15069
258000 0.128975 5.17245
258100 0.129025 5.12774
258200 0.129075 5.16658
258300 0.129125 5.16435
258400 0.129175 5.18317
258500 0.129225 5.16034
258600 0.129275 5.14571
258700 0.129325 5.1441
258800 0.129375 5.17558
258900 0.129425 5.19008
259000 0.129475 5.19845
259100 0.129525 5.17697
259200 0.129575 5.1673
259300 0.129625 5.17438
259400 0.129675 5.22177
259500 0.129725 5.17613
259600 0.129775 5.1966
259700 0.129825 5.2342
259800 0.129875 5.18905
259900 0.129925 5.17859
260000 0.129975 5.19074
260100 0.130025 5.192
260200 0.130075 5.18487
260300 0.130125 5.23284
260400 0.130175 5.24665
260500 0.130225 5.18901
260600 0.130275 5.17099
260700 0.130325 5.19155
260800 0.130375 5.23787
260900 0.130425 5.26312
261000 0.130475 5.20991
261100 0.130525 5.21662
261200 0.130575 5.1651
261300 0.130625 5.20049
261400 0.130675 5.21253
261500 0.130725 5.178
261600 0.130775 5.1937
261700 0.130825 5.24847
261800 0.130875 5.25618
261900 0.130925 5.26771
262000 0.130975 5.28154
262100 0.131025 5.21097
262200 0.131075 5.23464
262300 0.131125 5.26815
262400 0.131175 5.19527
262500 0.131225 5.14226
262600 0.131275 5.18489
262700 0.131325 5.18178
262800 0.131375 5.23527
262900 0.131425 5.24936
263000 0.131475 5.27962
263100 0.131525 5.26485
263200 0.131575 5.2824
263300 0.131625 5.23305
263400 0.131675 5.25026
263500 0.131725 5.25251
263600 0.131775 5.23078
263700 0.131825 5.2479
263800 0.131875 5.255
263900 0.131925 5.18967
264000 0.131975 5.21894
264100 0.132025 5.24349
264200 0.132075 5.28476
264300 0.132125 5.32159
264400 0.132175 5.35166
264500 0.132225 5.27525
264600 0.132275 5.29949
264700 0.132325 5.27829
264800 0.132375 5.23371
264900 0.132425 5.26603
265000 0.132475 5.25126
265100 0.132525 5.22711
265200 0.132575 5.28813
265300 0.132625 5.29076
265400 0.132675 5.28956
265500 0.132725 5.27111
265600 0.132775 5.2443
265700 0.132825 5.30827
265800 0.132875 5.26637
265900 0.132925 5.27712
266000 0.132975 5.27217
266100 0.133025 5.27196
266200 0.133075 5.27311
266300 0.133125 5.31336
266400 0.133175 5.31569
266500 0.133225 5.29726
266600 0.133275 5.33294
266700 0.133325 5.38775
266800 0.133375 5.30663
266900 0.133425 5.27324
267000 0.133475 5.31253
267100 0.133525 5.28807
267200 0.133575 5.25184
267300 0.133625 5.25677
267400 0.133675 5.3347
267500 0.133725 5.30879
267600 0.133775 5.31294
267700 0.133825 5.27672
267800 0.133875 5.33045
267900 0.133925 5.38558
268000 0.133975 5.38285
268100 0.134025 5.32114
268200 0.134075 5.30971
268300 0.134125 5.2759
268400 0.134175 5.30934
268500 0.134225 5.32934
268600 0.134275 5.29938
268700 0.134325 5.34577
268800 0.134375 5.3946
268900 0.134425 5.40436
269000 0.134475 5.36433
269100 0.134525 5.38638
269200 0.134575 5.34951
269300 0.134625 5.32776
269400 0.134675 5.34536
269500 0.134725 5.36168
269600 0.134775 5.33511
269700 0.134825 5.38905
269800 0.134875 5.36887
269900 0.134925 5.32648
270000 0.134975 5.37282
270100 0.135025 5.40736
270200 0.135075 5.47033
270300 0.135125 5.46461
270400 0.135175 5.38341
270500 0.135225 5.35962
270600 0.135275 5.36223
270700 0.135325 5.38257
270800 0.135375 5.3218
270900 0.135425 5.34923
271000 0.135475 5.33981
271100 0.135525 5.35126
271200 0.135575 5.39496
271300 0.135625 5.43051
271400 0.135675 5.41967
271500 0.135725 5.4516
271600 0.135775 5.43131
271700 0.135825 5.40752
271800 0.135875 5.43296
271900 0.135925 5.37731
272000 0.135975 5.41768
272100 0.136025 5.41292
272200 0.136075 5.38299
272300 0.136125 5.37891
272400 0.136175 5.40676
272500 0.136225 5.39599
272600 0.136275 5.42279
272700 0.136325 5.42747
272800 0.136375 5.37664
272900 0.136425 5.39923
273000 0.136475 5.43888
273100 0.136525 5.46771
273200 0.136575 5.42443
273300 0.136625 5.41532
273400 0.136675 5.45742
273500 0.136725 5.44592
273600 0.136775 5.47974
273700 0.136825 5.4802
273800 0.136875 5.48888
273900 0.136925 5.49223
274000 0.136975 5.4804
274100 0.137025 5.43058
274200 0.137075 5.39581
274300 0.137125 5.3856
274400 0.137175 5.43879
274500 0.137225 5.4673
274600 0.137275 5.50207
274700 0.137325 5.53007
274800 0.137375 5.50248
274900 0.137425 5.51139
275000 0.137475 5.55025
275100 0.137525 5.50115
275200 0.137575 5.44919
275300 0.137625 5.43394
275400 0.137675 5.41815
275500 0.137725 5.45438
275600 0.137775 5.42717
275700 0.137825 5.43882
275800 0.137875 5.39304
275900 0.137925 5.51866
276000 0.137975 5.56134
276100 0.138025 5.52178
276200 0.138075 5.46155
276300 0.138125 5.47664
276400 0.138175 5.50741
276500 0.138225 5.51322
276600 0.138275 5.51301
276700 0.138325 5.46311
276800 0.138375 5.47577
276900 0.138425 5.52143
277000 0.138475 5.5568
277100 0.138525 5.56143
277200 0.138575 5.5363
277300 0.138625 5.50189
277400 0.138675 5.49412
277500 0.138725 5.54643
277600 0.138775 5.55292
277700 0.138825 5.49972
277800 0.138875 5.44139
277900 0.138925 5.48837
278000 0.138975 5.55449
278100 0.139025 5.54776
278200 0.139075 5.52678
278300 0.139125 5.48736
278400 0.139175 5.54457
278500 0.139225 5.53703
278600 0.139275 5.51766
278700 0.139325 5.56126
278800 0.139375 5.60957
278900 0.139425 5.58875
279000 0.139475 5.59741
279100 0.139525 5.59929
279200 0.139575 5.51835
279300 0.139625 5.49685
279400 0.139675 5.50711
279500 0.139725 5.57202
279600 0.139775 5.57999
279700 0.139825 5.59928
279800 0.139875 5.5593
279900 0.139925 5.56443
280000 0.139975 5.54696
280100 0.140025 5.54494
280200 0.140075 5.56432
280300 0.140125 5.58219
280400 0.140175 5.63395
280500 0.140225 5.60353
280600 0.140275 5.60466
280700 0.140325 5.60171
280800 0.140375 5.60491
280900 0.140425 5.53898
281000 0.140475 5.52397
281100 0.140525 5.52211
281200 0.140575 5.5432
281300 0.140625 5.54719
281400 0.140675 5.56055
281500 0.140725 5.6503
281600 0.140775 5.64456
281700 0.140825 5.62928
281800 0.140875 5.6568
281900 0.140925 5.68509
282000 0.140975 5.60513
282100 0.141025 5.6068
282200 0.141075 5.55892
282300 0.141125 5.56368
282400 0.141175 5.59174
282500 0.141225 5.61681
282600 0.141275 5.61559
282700 0.141325 5.6536
282800 0.141375 5.66159
282900 0.141425 5.62469
283000 0.141475 5.61286
283100 0.141525 5.60951
283200 0.141575 5.67211
283300 0.141625 5.68472
283400 0.141675 5.63379
283500 0.141725 5.63964
283600 0.141775 5.64876
283700 0.141825 5.65514
283800 0.141875 5.66598
283900 0.141925 5.63423
284000 0.141975 5.64458
284100 0.142025 5.65952
284200 0.142075 5.62543
284300 0.142125 5.66638
284400 0.142175 5.61891
284500 0.142225 5.59211
284600 0.142275 5.62734
284700 0.142325 5.66387
284800 0.142375 5.63082
284900 0.142425 5.67779
285000 0.142475 5.70567
285100 0.142525 5.68987
285200 0.142575 5.72699
285300 0.142625 5.67639
285400 0.142675 5.61362
285500 0.142725 5.62924
285600 0.142775 5.64254
285700 0.142825 5.62056
285800 0.142875 5.64468
285900 0.142925 5.66975
286000 0.142975 5.67303
286100 0.143025 5.74299
286200 0.143075 5.74928
286300 0.143125 5.73165
286400 0.143175 5.69816
286500 0.143225 5.64281
286600 0.143275 5.67012
286700 0.143325 5.61824
286800 0.143375 5.59833
286900 0.143425 5.67039
287000 0.143475 5.68788
287100 0.143525 5.72237
287200 0.143575 5.75151
287300 0.143625 5.69608
287400 0.143675 5.71878
287500 0.143725 5.68026
287600 0.143775 5.6574
287700 0.143825 5.68289
287800 0.143875 5.68038
287900 0.143925 5.65791
288000 0.143975 5.6764
288100 0.144025 5.70931
288200 0.144075 5.70995
288300 0.144125 5.77821
288400 0.144175 5.76277
288500 0.144225 5.75601
288600 0.144275 5.72527
288700 0.144325 5.71981
288800 0.144375 5.68438
288900 0.144425 5.78016
289000 0.144475 5.77154
289100 0.144525 5.75005
289200 0.144575 5.67781
289300 0.144625 5.71926
289400 0.144675 5.6993
289500 0.144725 5.73128
289600 0.144775 5.72357
289700 0.144825 5.7566
289800 0.144875 5.77234
289900 0.144925 5.78181
290000 0.144975 5.76123
290100 0.145025 5.72693
290200 0.145075 5.6924
290300 0.145125 5.72694
290400 0.145175 5.72173
290500 0.145225 5.70366
290600 0.145275 5.74178
290700 0.145325 5.70911
290800 0.145375 5.67735
290900 0.145425 5.71413
291000 0.145475 5.74605
291100 0.145525 5.72067
291200 0.145575 5.75366
291300 0.145625 5.69385
291400 0.145675 5.70102
291500 0.145725 5.67646
291600 0.145775 5.72993
291700 0.145825 5.74033
291800 0.145875 5.79934
291900 0.145925 5.80165
292000 0.145975 5.79407
292100 0.146025 5.80744
292200 0.146075 5.73269
292300 0.146125 5.63958
292400 0.146175 5.70196
292500 0.146225 5.65452
292600 0.146275 5.65617
292700 0.146325 5.7115
292800 0.146375 5.76486
292900 0.146425 5.82878
293000 0.146475 5.77424
293100 0.146525 5.79507
293200 0.146575 5.79825
293300 0.146625 5.77917
293400 0.146675 5.78036
293500 0.146725 5.80262
293600 0.146775 5.7208
293700 0.146825 5.68028
293800 0.146875 5.7559
293900 0.146925 5.77855
294000 0.146975 5.8061
294100 0.147025 5.7977
294200 0.147075 5.74457
294300 0.147125 5.79454
294400 0.147175 5.76383
294500 0.147225 5.74168
294600 0.147275 5.75725
294700 0.147325 5.78185
294800 0.147375 5.78175
294900 0.147425 5.79022
295000 0.147475 5.7498
295100 0.147525 5.73929
295200 0.147575 5.77346
295300 0.147625 5.7883
295400 0.147675 5.74865
295500 0.147725 5.78923
295600 0.147775 5.79885
295700 0.147825 5.8221
295800 0.147875 5.8406
295900 0.147925 5.82729
296000 0.147975 5.77172
296100 0.148025 5.81632
296200 0.148075 5.79296
296300 0.148125 5.77502
296400 0.148175 5.7786
296500 0.148225 5.79558
296600 0.148275 5.84122
296700 0.148325 5.8052
296800 0.148375 5.82786
296900 0.148425 5.85235
297000 0.148475 5.82276
297100 0.148525 5.79112
297200 0.148575 5.77295
297300 0.148625 5.81484
297400 0.148675 5.75554
297500 0.148725 5.76135
297600 0.148775 5.76264
297700 0.148825 5.78374
297800 0.148875 5.76473
297900 0.148925 5.80924
298000 0.148975 5.82013
298100 0.149025 5.84045
298200 0.149075 5.78647
298300 0.149125 5.81844
298400 0.149175 5.85334
298500 0.149225 5.84896
298600 0.149275 5.81127
298700 0.149325 5.78685
298800 0.149375 5.77338
298900 0.149425 5.78412
299000 0.149475 5.84787
299100 0.149525 5.91242
299200 0.149575 5.92867
299300 0.149625 5.87375
299400 0.149675 5.82844
299500 0.149725 5.86243
299600 0.149775 5.88105
299700 0.149825 5.82291
299800 0.149875 5.88635
299900 0.149925 5.88023
300000 0.149975 5.86087
300100 0.150025 5.85724
300200 0.150075 5.86241
300300 0.150125 5.87554
300400 0.150175 5.86573
300500 0.150225 5.89274
300600 0.150275 5.87793
300700 0.150325 5.84625
300800 0.150375 5.8846
300900 0.150425 5.87036
301000 0.150475 5.87035
301100 0.150525 5.88801
301200 0.150575 5.92346
301300 0.150625 5.91624
301400 0.150675 5.8875
301500 0.150725 5.9276
301600 0.150775 5.92571
301700 0.150825 5.895
301800 0.150875 5.89157
301900 0.150925 5.90504
302000 0.150975 5.91026
302100 0.151025 5.93569
302200 0.151075 5.90415
302300 0.151125 5.86686
302400 0.151175 5.95356
302500 0.151225 5.95773
302600 0.151275 5.91045
302700 0.151325 5.94109
302800 0.151375 5.99195
302900 0.151425 5.98571
303000 0.151475 5.98823
303100 0.151525 6.00295
303200 0.151575 5.92966
303300 0.151625 5.97824
303400 0.151675 5.89704
303500 0.151725 5.90797
303600 0.151775 5.87643
303700 0.151825 5.93122
303800 0.151875 5.92048
303900 0.151925 5.90804
304000 0.151975 5.94164
304100 0.152025 5.94772
304200 0.152075 5.95699
304300 0.152125 5.93352
304400 0.152175 5.88459
304500 0.152225 5.89493
304600 0.152275 5.95261
304700 0.152325 6.01825
304800 0.152375 5.99122
304900 0.152425 5.98721
305000 0.152475 5.93109
305100 0.152525 6.00677
305200 0.152575 5.97835
305300 0.152625 5.92756
305400 0.152675 5.93032
305500 0.152725 5.91182
305600 0.152775 5.93629
305700 0.152825 5.91821
305800 0.152875 5.99643
305900 0.152925 5.92796
306000 0.152975 5.95427
306100 0.153025 5.99301
306200 0.153075 6.01232
306300 0.153125 6.02392
306400 0.153175 5.98856
306500 0.153225 6.01332
306600 0.153275 6.03216
306700 0.153325 6.00271
306800 0.153375 5.95362
306900 0.153425 5.95157
307000 0.153475 5.95227
307100 0.153525 6.06066
307200 0.153575 6.03289
307300 0.153625 6.02614
307400 0.153675 6.04967
307500 0.153725 6.02765
307600 0.153775 6.00407
307700 0.153825 5.99857
307800 0.153875 5.96978
307900 0.153925 5.97132
308000 0.153975 6.01163
308100 0.154025 6.01031
308200 0.154075 6.03704
308300 0.154125 6.0087
308400 0.154175 6.00348
308500 0.154225 6.00499
308600 0.154275 6.028
308700 0.154325 6.06428
308800 0.154375 6.05761
308900 0.154425 6.04097
309000 0.154475 6.08819
309100 0.154525 6.07412
309200 0.154575 6.06551
309300 0.154625 6.05762
309400 0.154675 6.01486
309500 0.154725 6.07834
309600 0.154775 6.00709
309700 0.154825 6.05442
309800 0.154875 6.07976
309900 0.154925 6.09995
310000 0.154975 6.0807
310100 0.155025 6.09906
310200 0.155075 6.02523
310300 0.155125 6.04273
310400 0.155175 6.05542
310500 0.155225 6.0771
310600 0.155275 6.10956
310700 0.155325 6.07352
310800 0.155375 6.06427
310900 0.155425 6.13155
311000 0.155475 6.09856
311100 0.155525 6.0866
311200 0.155575 6.0994
311300 0.155625 6.08631
311400 0.155675 6.06838
311500 0.155725 6.08263
311600 0.155775 6.09488
311700 0.155825 6.07513
311800 0.155875 6.02798
311900 0.155925 6.03524
312000 0.155975 6.07146
312100 0.156025 6.15919
312200 0.156075 6.18398
312300 0.156125 6.17309
312400 0.156175 6.20543
312500 0.156225 6.10516
312600 0.156275 6.05186
312700 0.156325 6.03948
312800 0.156375 6.09761
312900 0.156425 6.08247
313000 0.156475 6.06032
313100 0.156525 6.07037
313200 0.156575 6.14505
313300 0.156625 6.16939
313400 0.156675 6.18211
313500 0.156725 6.15027
313600 0.156775 6.10819
313700 0.156825 6.07942
313800 0.156875 6.13218
313900 0.156925 6.07872
314000 0.156975 6.10798
314100 0.157025 6.13805
314200 0.157075 6.10613
314300 0.157125 6.06071
314400 0.157175 6.09134
314500 0.157225 6.12911
314600 0.157275 6.17946
314700 0.157325 6.21027
314800 0.157375 6.13906
314900 0.157425 6.09862
315000 0.157475 6.11863
315100 0.157525 6.11872
315200 0.157575 6.08644
315300 0.157625 6.10826
315400 0.157675 6.13697
315500 0.157725 6.15169
315600 0.157775 6.13382
315700 0.157825 6.17914
315800 0.157875 6.18042
315900 0.157925 6.25496
316000 0.157975 6.18113
316100 0.158025 6.12216
316200 0.158075 6.12662
316300 0.158125 6.14683
316400 0.158175 6.16546
316500 0.158225 6.12892
316600 0.158275 6.13519
316700 0.158325 6.16753
316800 0.158375 6.21396
316900 0.158425 6.20862
317000 0.158475 6.20007
317100 0.158525 6.17396
317200 0.158575 6.14913
317300 0.158625 6.14566
317400 0.158675 6.13097
317500 0.158725 6.16144
317600 0.158775 6.13996
317700 0.158825 6.16398
317800 0.158875 6.15087
317900 0.158925 6.21382
318000 0.158975 6.22063
318100 0.159025 6.22938
318200 0.159075 6.27964
318300 0.159125 6.18966
318400 0.159175 6.17638
318500 0.159225 6.1329
318600 0.159275 6.17252
318700 0.159325 6.15933
318800 0.159375 6.19271
318900 0.159425 6.19787
319000 0.159475 6.12185
319100 0.159525 6.19598
319200 0.159575 6.25018
319300 0.159625 6.2447
319400 0.159675 6.25704
319500 0.159725 6.2725
319600 0.159775 6.17551
319700 0.159825 6.15676
319800 0.159875 6.22842
319900 0.159925 6.20962
320000 0.159975 6.18823
320100 0.160025 6.18149
320200 0.160075 6.1763
320300 0.160125 6.17964
320400 0.160175 6.24023
320500 0.160225 6.2509
320600 0.160275 6.26791
320700 0.160325 6.28099
320800 0.160375 6.2563
320900 0.160425 6.30815
321000 0.160475 6.25754
321100 0.160525 6.20976
321200 0.160575 6.14461
321300 0.160625 6.1928
321400 0.160675 6.17892
321500 0.160725 6.23105
321600 0.160775 6.25431
321700 0.160825 6.30572
321800 0.160875 6.29885
321900 0.160925 6.27687
322000 0.160975 6.30885
322100 0.161025 6.26323
322200 0.161075 6.19712
322300 0.161125 6.19955
322400 0.161175 6.18267
322500 0.161225 6.23925
322600 0.161275 6.25334
322700 0.161325 6.27097
322800 0.161375 6.28354
322900 0.161425 6.29192
323000 0.161475 6.31753
323100 0.161525 6.28196
323200 0.161575 6.24654
323300 0.161625 6.27501
323400 0.161675 6.2823
323500 0.161725 6.23901
323600 0.161775 6.23252
323700 0.161825 6.24207
323800 0.161875 6.28966
323900 0.161925 6.28597
324000 0.161975 6.28762
324100 0.162025 6.28765
324200 0.162075 6.28779
324300 0.162125 6.30381
324400 0.162175 6.3044
324500 0.162225 6.28542
324600 0.162275 6.2949
324700 0.162325 6.29968
324800 0.162375 6.2605
324900 0.162425 6.22735
325000 0.162475 6.24789
325100 0.162525 6.282
325200 0.162575 6.279
325300 0.162625 6.29838
325400 0.162675 6.32335
325500 0.162725 6.33412
325600 0.162775 6.33489
325700 0.162825 6.3144
325800 0.162875 6.25024
325900 0.162925 6.17576
326000 0.162975 6.27327
326100 0.163025 6.21238
326200 0.163075 6.22493
326300 0.163125 6.33341
326400 0.163175 6.30095
326500 0.163225 6.29689
326600 0.163275 6.3068
326700 0.163325 6.32888
326800 0.163375 6.25959
326900 0.163425 6.30999
327000 0.163475 6.22436
327100 0.163525 6.20058
327200 0.163575 6.23625
327300 0.163625 6.29243
327400 0.163675 6.32617
327500 0.163725 6.35339
327600 0.163775 6.29893
327700 0.163825 6.33574
327800 0.163875 6.3769
327900 0.163925 6.33818
328000 0.163975 6.33123
328100 0.164025 6.33206
328200 0.164075 6.35367
328300 0.164125 6.32953
328400 0.164175 6.29768
328500 0.164225 6.26307
328600 0.164275 6.31348
328700 0.164325 6.30723
328800 0.164375 6.36316
328900 0.164425 6.37842
329000 0.164475 6.3651
329100 0.164525 6.32621
329200 0.164575 6.36895
329300 0.164625 6.34019
329400 0.164675 6.31907
329500 0.164725 6.30605
329600 0.164775 6.30432
329700 0.164825 6.32793
329800 0.164875 6.41853
329900 0.164925 6.39345
330000 0.164975 6.35637
330100 0.165025 6.34936
330200 0.165075 6.3495
330300 0.165125 6.33418
330400 0.165175 6.35801
330500 0.165225 6.37327
330600 0.165275 6.41205
330700 0.165325 6.4098
330800 0.165375 6.41154
330900 0.165425 6.39671
331000 0.165475 6.38863
331100 0.165525 6.38942
331200 0.165575 6.34781
331300 0.165625 6.3735
331400 0.165675 6.36502
331500 0.165725 6.38925
331600 0.165775 6.35452
331700 0.165825 6.38259
331800 0.165875 6.43041
331900 0.165925 6.45666
332000 0.165975 6.47633
332100 0.166025 6.45604
332200 0.166075 6.45195
332300 0.166125 6.42339
332400 0.166175 6.37562
332500 0.166225 6.38218
332600 0.166275 6.39899
332700 0.166325 6.40362
332800 0.166375 6.40308
332900 0.166425 6.44944
333000 0.166475 6.39772
333100 0.166525 6.41291
333200 0.166575 6.40865
333300 0.166625 6.43279
333400 0.166675 6.4176
333500 0.166725 6.35653
333600 0.166775 6.44077
333700 0.166825 6.43899
333800 0.166875 6.35156
333900 0.166925 6.38759
334000 0.166975 6.39221
334100 0.167025 6.44253
334200 0.167075 6.46592
334300 0.167125 6.48262
334400 0.167175 6.50717
334500 0.167225 6.51354
334600 0.167275 6.45513
334700 0.167325 6.44548
334800 0.167375 6.36141
334900 0.167425 6.396
335000 0.167475 6.39409
335100 0.167525 6.39295
335200 0.167575 6.43048
335300 0.167625 6.46298
335400 0.167675 6.49176
335500 0.167725 6.52939
335600 0.167775 6.52507
335700 0.167825 6.52693
335800 0.167875 6.5169
335900 0.167925 6.50786
336000 0.167975 6.53795
336100 0.168025 6.49052
336200 0.168075 6.4855
336300 0.168125 6.44134
336400 0.168175 6.43745
336500 0.168225 6.49667
336600 0.168275 6.50392
336700 0.168325 6.49138
336800 0.168375 6.48086
336900 0.168425 6.51518
337000 0.168475 6.51006
337100 0.168525 6.50803
337200 0.168575 6.48849
337300 0.168625 6.43372
337400 0.168675 6.3678
337500 0.168725 6.42729
337600 0.168775 6.48035
337700 0.168825 6.5501
337800 0.168875 6.5547
337900 0.168925 6.49896
338000 0.168975 6.51141
338100 0.169025 6.49724
338200 0.169075 6.55025
338300 0.169125 6.53641
338400 0.169175 6.49335
338500 0.169225 6.50007
338600 0.169275 6.51574
338700 0.169325 6.53176
338800 0.169375 6.55584
338900 0.169425 6.54996
339000 0.169475 6.57057
339100 0.169525 6.59937
339200 0.169575 6.54968
339300 0.169625 6.56475
339400 0.169675 6.58027
339500 0.169725 6.55367
339600 0.169775 6.57002
339700 0.169825 6.54987
339800 0.169875 6.49473
339900 0.169925 6.50655
340000 0.169975 6.47086
340100 0.170025 6.54395
340200 0.170075 6.55202
340300 0.170125 6.60937
340400 0.170175 6.68324
340500 0.170225 6.63593
340600 0.170275 6.54034
340700 0.170325 6.56655
340800 0.170375 6.60179
340900 0.170425 6.58847
341000 0.170475 6.57644
341100 0.170525 6.5489
341200 0.170575 6.53314
341300 0.170625 6.54514
341400 0.170675 6.5779
341500 0.170725 6.63091
341600 0.170775 6.60011
341700 0.170825 6.64579
341800 0.170875 6.61109
341900 0.170925 6.55548
342000 0.170975 6.57406
342100 0.171025 6.55699
342200 0.171075 6.61279
342300 0.171125 6.63308
342400 0.171175 6.62162
342500 0.171225 6.60559
342600 0.171275 6.59469
342700 0.171325 6.54256
342800 0.171375 6.572
342900 0.171425 6.67116
343000 0.171475 6.61687
343100 0.171525 6.55719
343200 0.171575 6.65706
343300 0.171625 6.63905
343400 0.171675 6.59402
343500 0.171725 6.62195
343600 0.171775 6.60776
343700 0.171825 6.53552
343800 0.171875 6.56418
343900 0.171925 6.53612
344000 0.171975 6.64064
344100 0.172025 6.64772
344200 0.172075 6.66581
344300 0.172125 6.66586
344400 0.172175 6.64131
344500 0.172225 6.58839
344600 0.172275 6.56266
344700 0.172325 6.63041
344800 0.172375 6.62046
344900 0.172425 6.64472
345000 0.172475 6.62844
345100 0.172525 6.6029
345200 0.172575 6.62197
345300 0.172625 6.59943
345400 0.172675 6.65038
345500 0.172725 6.67882
345600 0.172775 6.69393
345700 0.172825 6.66226
345800 0.172875 6.65607
345900 0.172925 6.61644
346000 0.172975 6.57101
346100 0.173025 6.60845
346200 0.173075 6.63314
346300 0.173125 6.61716
346400 0.173175 6.67077
346500 0.173225 6.66017
346600 0.173275 6.67901
346700 0.173325 6.74383
346800 0.173375 6.6885
346900 0.173425 6.70618
347000 0.173475 6.70948
347100 0.173525 6.74249
347200 0.173575 6.71918
347300 0.173625 6.70316
347400 0.173675 6.69627
347500 0.173725 6.64118
347600 0.173775 6.61705
347700 0.173825 6.69298
347800 0.173875 6.73189
347900 0.173925 6.70359
348000 0.173975 6.65214
348100 0.174025 6.68486
348200 0.174075 6.72368
348300 0.174125 6.65216
348400 0.174175 6.67264
348500 0.174225 6.69841
348600 0.174275 6.67534
348700 0.174325 6.73329
348800 0.174375 6.75413
348900 0.174425 6.75811
349000 0.174475 6.72596
349100 0.174525 6.7193
349200 0.174575 6.67026
349300 0.174625 6.73395
349400 0.174675 6.75357
349500 0.174725 6.77027
349600 0.174775 6.76843
349700 0.174825 6.74686
349800 0.174875 6.72658
349900 0.174925 6.73922
350000 0.174975 6.77524
350100 0.175025 6.78252
350200 0.175075 6.76715
350300 0.175125 6.7206
350400 0.175175 6.70228
350500 0.175225 6.69433
350600 0.175275 6.73573
350700 0.175325 6.74224
350800 0.175375 6.79764
350900 0.175425 6.76467
351000 0.175475 6.70377
351100 0.175525 6.67507
351200 0.175575 6.7168
351300 0.175625 6.78482
351400 0.175675 6.69664
351500 0.175725 6.69304
351600 0.175775 6.66561
351700 0.175825 6.64882
351800 0.175875 6.69395
351900 0.175925 6.66585
352000 0.175975 6.76105
352100 0.176025 6.69466
352200 0.176075 6.69931
352300 0.176125 6.76143
352400 0.176175 6.72581
352500 0.176225 6.7481
352600 0.176275 6.70887
352700 0.176325 6.70254
352800 0.176375 6.72302
352900 0.176425 6.72732
353000 0.176475 6.77539
353100 0.176525 6.74887
353200 0.176575 6.71258
353300 0.176625 6.66736
353400 0.176675 6.70487
353500 0.176725 6.71548
353600 0.176775 6.75984
353700 0.176825 6.72602
353800 0.176875 6.77261
353900 0.176925 6.78588
354000 0.176975 6.76672
354100 0.177025 6.7199
354200 0.177075 6.72932
354300 0.177125 6.72732
354400 0.177175 6.76065
354500 0.177225 6.73803
354600 0.177275 6.76218
354700 0.177325 6.75533
354800 0.177375 6.73292
354900 0.177425 6.74234
355000 0.177475 6.80834
355100 0.177525 6.8442
355200 0.177575 6.82595
355300 0.177625 6.75214
355400 0.177675 6.73718
355500 0.177725 6.71778
355600 0.177775 6.77541
355700 0.177825 6.74979
355800 0.177875 6.73144
355900 0.177925 6.72565
356000 0.177975 6.76393
356100 0.178025 6.76626
356200 0.178075 6.80148
356300 0.178125 6.81427
356400 0.178175 6.80769
356500 0.178225 6.81709
356600 0.178275 6.79464
356700 0.178325 6.70402
356800 0.178375 6.74815
356900 0.178425 6.74054
357000 0.178475 6.80035
357100 0.178525 6.81237
357200 0.178575 6.76515
357300 0.178625 6.72844
357400 0.178675 6.74022
357500 0.178725 6.78539
357600 0.178775 6.82233
357700 0.178825 6.90703
357800 0.178875 6.89024
357900 0.178925 6.85389
358000 0.178975 6.84768
358100 0.179025 6.82709
358200 0.179075 6.75497
358300 0.179125 6.7158
358400 0.179175 6.76547
358500 0.179225 6.76565
358600 0.179275 6.80885
358700 0.179325 6.8484
358800 0.179375 6.84529
358900 0.179425 6.86059
359000 0.179475 6.88024
359100 0.179525 6.83498
359200 0.179575 6.86184
359300 0.179625 6.81106
359400 0.179675 6.76433
359500 0.179725 6.77245
359600 0.179775 6.77002
359700 0.179825 6.80337
359800 0.179875 6.86869
359900 0.179925 6.88185
360000 0.179975 6.92247
360100 0.180025 6.85278
360200 0.180075 6.82079
360300 0.180125 6.83121
360400 0.180175 6.78828
360500 0.180225 6.79812
360600 0.180275 6.82407
360700 0.180325 6.8515
360800 0.180375 6.85554
360900 0.180425 6.85917
361000 0.180475 6.87635
361100 0.180525 6.90755
361200 0.180575 6.86535
361300 0.180625 6.84198
361400 0.180675 6.83899
361500 0.180725 6.81666
361600 0.180775 6.79727
361700 0.180825 6.77137
361800 0.180875 6.73184
361900 0.180925 6.86191
362000 0.180975 6.88479
362100 0.181025 6.94683
362200 0.181075 6.90544
362300 0.181125 6.84084
362400 0.181175 6.80114
362500 0.181225 6.79235
362600 0.181275 6.8085
362700 0.181325 6.77394
362800 0.181375 6.83739
362900 0.181425 6.85358
363000 0.181475 6.87867
363100 0.181525 6.89687
363200 0.181575 6.90233
363300 0.181625 6.9405
363400 0.181675 6.91316
363500 0.181725 6.92187
363600 0.181775 6.91166
363700 0.181825 6.88198
363800 0.181875 6.8626
363900 0.181925 6.77094
364000 0.181975 6.77636
364100 0.182025 6.82285
364200 0.182075 6.81399
364300 0.182125 6.8727
364400 0.182175 6.85875
364500 0.182225 6.91588
364600 0.182275 6.86648
364700 0.182325 6.86882
364800 0.182375 6.88748
364900 0.182425 6.92773
365000 0.182475 6.89638
365100 0.182525 6.9
365200 0.182575 6.83166
365300 0.182625 6.82851
365400 0.182675 6.88286
365500 0.182725 6.88838
365600 0.182775 6.86932
365700 0.182825 6.9307
365800 0.182875 6.88793
365900 0.182925 6.95217
366000 0.182975 6.90717
366100 0.183025 6.87726
366200 0.183075 6.93562
366300 0.183125 6.92907
366400 0.183175 6.90988
366500 0.183225 6.9392
366600 0.183275 6.84916
366700 0.183325 6.88345
366800 0.183375 6.86469
366900 0.183425 6.93717
367000 0.183475 6.89788
367100 0.183525 6.93733
367200 0.183575 6.94377
367300 0.183625 6.96008
367400 0.183675 6.95202
367500 0.183725 6.90891
367600 0.183775 6.89186
367700 0.183825 6.87736
367800 0.183875 6.85561
367900 0.183925 6.90122
368000 0.183975 6.88457
368100 0.184025 6.89857
368200 0.184075 6.96184
368300 0.184125 6.91757
368400 0.184175 6.91835
368500 0.184225 6.90656
368600 0.184275 6.88043
368700 0.184325 6.932
368800 0.184375 6.95633
368900 0.184425 6.92844
369000 0.184475 6.89252
369100 0.184525 6.87697
369200 0.184575 6.90522
369300 0.184625 6.89976
369400 0.184675 6.91433
369500 0.184725 6.9336
369600 0.184775 6.93228
369700 0.184825 6.97965
369800 0.184875 6.95845
369900 0.184925 6.93306
370000 0.184975 6.92109
370100 0.185025 6.94461
370200 0.185075 6.92721
370300 0.185125 6.93948
370400 0.185175 6.9206
370500 0.185225 6.97608
370600 0.185275 6.98455
370700 0.185325 7.00122
370800 0.185375 6.97882
370900 0.185425 6.97977
371000 0.185475 6.96723
371100 0.185525 6.93566
371200 0.185575 6.96569
371300 0.185625 7.01738
371400 0.185675 6.96785
371500 0.185725 6.97157
371600 0.185775 6.99529
371700 0.185825 6.94406
371800 0.185875 6.95585
371900 0.185925 7.0042
372000 0.185975 7.0036
372100 0.186025 7.00541
372200 0.186075 7.03049
372300 0.186125 7.05371
372400 0.186175 7.03388
372500 0.186225 7.00416
372600 0.186275 6.96242
372700 0.186325 6.97278
372800 0.186375 6.99946
372900 0.186425 6.97855
373000 0.186475 7.01541
373100 0.186525 7.03814
373200 0.186575 7.1079
373300 0.186625 7.05875
373400 0.186675 7.03233
373500 0.186725 7.02861
373600 0.186775 6.99647
373700 0.186825 6.97686
373800 0.186875 6.93913
373900 0.186925 6.96671
374000 0.186975 6.96217
374100 0.187025 7.02888
374200 0.187075 6.99001
374300 0.187125 7.04269
374400 0.187175 7.06206
374500 0.187225 7.01417
374600 0.187275 6.98485
374700 0.187325 6.97239
374800 0.187375 6.97746
374900 0.187425 6.96072
375000 0.187475 6.96891
375100 0.187525 6.95742
375200 0.187575 6.97906
375300 0.187625 6.98498
375400 0.187675 7.05273
375500 0.187725 7.09292
375600 0.187775 7.07938
375700 0.187825 7.05329
375800 0.187875 7.07364
375900 0.187925 7.05646
376000 0.187975 7.06665
376100 0.188025 6.96074
376200 0.188075 6.98303
376300 0.188125 7.00921
376400 0.188175 6.98471
376500 0.188225 6.99907
376600 0.188275 7.06029
376700 0.188325 7.1184
376800 0.188375 7.13405
376900 0.188425 7.14981
377000 0.188475 7.03238
377100 0.188525 6.98794
377200 0.188575 7.04447
377300 0.188625 7.03928
377400 0.188675 7.08984
377500 0.188725 7.09019
377600 0.188775 7.09385
377700 0.188825 7.09503
377800 0.188875 6.99315
377900 0.188925 7.05458
378000 0.188975 7.08859
378100 0.189025 7.10347
378200 0.189075 7.09418
378300 0.189125 7.10252
378400 0.189175 7.14407
378500 0.189225 7.15975
378600 0.189275 7.128
378700 0.189325 7.03671
378800 0.189375 6.98298
378900 0.189425 7.02722
379000 0.189475 7.07927
379100 0.189525 7.14216
379200 0.189575 7.19698
379300 0.189625 7.14304
379400 0.189675 7.14817
379500 0.189725 7.15927
379600 0.189775 7.12999
379700 0.189825 7.12773
379800 0.189875 7.16682
379900 0.189925 7.08631
380000 0.189975 7.06851
380100 0.190025 7.083
380200 0.190075 7.11169
380300 0.190125 7.13042
380400 0.190175 7.12049
380500 0.190225 7.1673
380600 0.190275 7.20695
380700 0.190325 7.21385
380800 0.190375 7.20735
380900 0.190425 7.10441
381000 0.190475 7.0916
381100 0.190525 7.06078
381200 0.190575 7.07181
381300 0.190625 7.08324
381400 0.190675 7.11746
381500 0.190725 7.14404
381600 0.190775 7.14177
381700 0.190825 7.17642
381800 0.190875 7.197
381900 0.190925 7.21117
382000 0.190975 7.20565
382100 0.191025 7.21731
382200 0.191075 7.12756
382300 0.191125 7.07113
382400 0.191175 7.1436
382500 0.191225 7.15298
382600 0.191275 7.12295
382700 0.191325 7.09503
382800 0.191375 7.14715
382900 0.191425 7.14394
383000 0.191475 7.20603
383100 0.191525 7.17734
383200 0.191575 7.21989
383300 0.191625 7.2482
383400 0.191675 7.21443
383500 0.191725 7.12034
383600 0.191775 7.11569
383700 0.191825 7.15585
383800 0.191875 7.17638
383900 0.191925 7.19839
384000 0.191975 7.12881
384100 0.192025 7.14529
384200 0.192075 7.14728
384300 0.192125 7.19658
384400 0.192175 7.19045
384500 0.192225 7.16217
384600 0.192275 7.14764
384700 0.192325 7.13257
384800 0.192375 7.137
384900 0.192425 7.12052
385000 0.192475 7.12095
385100 0.192525 7.13358
385200 0.192575 7.22043
385300 0.192625 7.1992
385400 0.192675 7.18752
385500 0.192725 7.17834
385600 0.192775 7.19328
385700 0.192825 7.21522
385800 0.192875 7.2087
385900 0.192925 7.19549
386000 0.192975 7.18355
386100 0.193025 7.17733
386200 0.193075 7.15529
386300 0.193125 7.19481
386400 0.193175 7.22666
386500 0.193225 7.24008
386600 0.193275 7.28872
386700 0.193325 7.26774
386800 0.193375 7.2091
386900 0.193425 7.20341
387000 0.193475 7.18437
387100 0.193525 7.16306
387200 0.193575 7.15591
387300 0.193625 7.16251
387400 0.193675 7.19093
387500 0.193725 7.23548
387600 0.193775 7.29967
387700 0.193825 7.29765
387800 0.193875 7.28688
387900 0.193925 7.21016
388000 0.193975 7.17718
388100 0.194025 7.14821
388200 0.194075 7.11386
388300 0.194125 7.10252
388400 0.194175 7.10642
388500 0.194225 7.19512
388600 0.194275 7.24843
388700 0.194325 7.26879
388800 0.194375 7.29103
388900 0.194425 7.24776
389000 0.194475 7.27264
389100 0.194525 7.2375
389200 0.194575 7.27418
389300 0.194625 7.28381
389400 0.194675 7.31557
389500 0.194725 7.27517
389600 0.194775 7.25915
389700 0.194825 7.25071
389800 0.194875 7.2682
389900 0.194925 7.31597
390000 0.194975 7.32596
390100 0.195025 7.30584
390200 0.195075 7.33186
390300 0.195125 7.30929
390400 0.195175 7.24783
390500 0.195225 7.25293
390600 0.195275 7.27213
390700 0.195325 7.27825
390800 0.195375 7.24762
390900 0.195425 7.23438
391000 0.195475 7.24661
391100 0.195525 7.24622
391200 0.195575 7.24941
391300 0.195625 7.26996
391400 0.195675 7.29965
391500 0.195725 7.34879
391600 0.195775 7.27364
391700 0.195825 7.31514
391800 0.195875 7.25782
391900 0.195925 7.24487
392000 0.195975 7.2612
392100 0.196025 7.27492
392200 0.196075 7.34541
392300 0.196125 7.36008
392400 0.196175 7.31601
392500 0.196225 7.29331
392600 0.196275 7.32174
392700 0.196325 7.33743
392800 0.196375 7.36718
392900 0.196425 7.31014
393000 0.196475 7.30957
393100 0.196525 7.298
393200 0.196575 7.35299
393300 0.196625 7.36358
393400 0.196675 7.34878
393500 0.196725 7.40351
393600 0.196775 7.39368
393700 0.196825 7.35795
393800 0.196875 7.2817
393900 0.196925 7.33204
394000 0.196975 7.29653
394100 0.197025 7.32809
394200 0.197075 7.36576
394300 0.197125 7.36537
394400 0.197175 7.32519
394500 0.197225 7.24056
394600 0.197275 7.30166
394700 0.197325 7.30168
394800 0.197375 7.2393
394900 0.197425 7.26508
395000 0.197475 7.3248
395100 0.197525 7.33343
395200 0.197575 7.35147
395300 0.197625 7.36252
395400 0.197675 7.31943
395500 0.197725 7.37215
395600 0.197775 7.30513
395700 0.197825 7.30846
395800 0.197875 7.36477
395900 0.197925 7.34822
396000 0.197975 7.36515
396100 0.198025 7.32134
396200 0.198075 7.3212
396300 0.198125 7.26054
396400 0.198175 7.32684
396500 0.198225 7.33573
396600 0.198275 7.32358
396700 0.198325 7.33803
396800 0.198375 7.40817
396900 0.198425 7.43671
397000 0.198475 7.38117
397100 0.198525 7.32644
397200 0.198575 7.33768
397300 0.198625 7.37518
397400 0.198675 7.42169
397500 0.198725 7.35549
397600 0.198775 7.32935
397700 0.198825 7.32182
397800 0.198875 7.31294
397900 0.198925 7.3335
398000 0.198975 7.2975
398100 0.199025 7.32733
398200 0.199075 7.29204
398300 0.199125 7.25067
398400 0.199175 7.26328
398500 0.199225 7.30802
398600 0.199275 7.35623
398700 0.199325 7.41265
398800 0.199375 7.47674
398900 0.199425 7.45345
399000 0.199475 7.39839
399100 0.199525 7.36075
399200 0.199575 7.34052
399300 0.199625 7.27694
399400 0.199675 7.31517
399500 0.199725 7.40282
399600 0.199775 7.42371
399700 0.199825 7.41063
399800 0.199875 7.31286
399900 0.199925 7.32005
400000 0.199975 7.44498
