# Time-averaged data for fix 3
# TimeStep v_strain v_stress_GPa
100 2.525e-05 0.259953
200 7.525e-05 0.304311
300 0.00012525 0.344559
400 0.00017525 0.325135
500 0.00022525 0.319295
600 0.00027525 0.303208
700 0.00032525 0.27592
800 0.00037525 0.241704
900 0.00042525 0.220224
1000 0.00047525 0.192291
1100 0.00052525 0.170634
1200 0.00057525 0.154228
1300 0.00062525 0.16781
1400 0.00067525 0.232535
1500 0.00072525 0.256812
1600 0.00077525 0.307536
1700 0.00082525 0.306654
1800 0.00087525 0.357213
1900 0.00092525 0.355749
2000 0.00097525 0.35068
2100 0.00102525 0.336524
2200 0.00107525 0.319065
2300 0.00112525 0.292144
2400 0.00117525 0.231717
2500 0.00122525 0.216373
2600 0.00127525 0.178506
2700 0.00132525 0.216142
2800 0.00137525 0.226941
2900 0.00142525 0.246646
3000 0.00147525 0.274892
3100 0.00152525 0.298291
3200 0.00157525 0.335284
3300 0.00162525 0.360642
3400 0.00167525 0.380699
3500 0.00172525 0.396192
3600 0.00177525 0.380162
3700 0.00182525 0.347942
3800 0.00187525 0.290501
3900 0.00192525 0.280633
4000 0.00197525 0.254817
4100 0.00202525 0.242926
4200 0.00207525 0.246006
4300 0.00212525 0.219884
4400 0.00217525 0.276064
4500 0.00222525 0.287225
4600 0.00227525 0.321846
4700 0.00232525 0.40117
4800 0.00237525 0.410908
4900 0.00242525 0.406337
5000 0.00247525 0.4013
5100 0.00252525 0.40304
5200 0.00257525 0.371289
5300 0.00262525 0.34949
5400 0.00267525 0.318261
5500 0.00272525 0.232914
5600 0.00277525 0.25552
5700 0.00282525 0.242389
5800 0.00287525 0.258021
5900 0.00292525 0.290786
6000 0.00297525 0.316334
6100 0.00302525 0.367837
6200 0.00307525 0.413937
6300 0.00312525 0.424704
6400 0.00317525 0.420731
6500 0.00322525 0.457082
6600 0.00327525 0.417533
6700 0.00332525 0.374054
6800 0.00337525 0.369596
6900 0.00342525 0.317477
7000 0.00347525 0.293647
7100 0.00352525 0.279783
7200 0.00357525 0.265517
7300 0.00362525 0.302605
7400 0.00367525 0.317594
7500 0.00372525 0.346396
7600 0.00377525 0.379406
7700 0.00382525 0.437284
7800 0.00387525 0.438593
7900 0.00392525 0.479688
8000 0.00397525 0.461369
8100 0.00402525 0.447365
8200 0.00407525 0.405028
8300 0.00412525 0.373916
8400 0.00417525 0.349882
8500 0.00422525 0.34068
8600 0.00427525 0.307787
8700 0.00432525 0.326545
8800 0.00437525 0.300411
8900 0.00442525 0.338847
9000 0.00447525 0.380929
9100 0.00452525 0.418697
9200 0.00457525 0.444207
9300 0.00462525 0.455244
9400 0.00467525 0.484698
9500 0.00472525 0.454426
9600 0.00477525 0.463351
9700 0.00482525 0.435696
9800 0.00487525 0.429056
9900 0.00492525 0.40219
10000 0.00497525 0.357707
10100 0.00502525 0.347812
10200 0.00507525 0.322375
10300 0.00512525 0.346922
10400 0.00517525 0.370256
10500 0.00522525 0.432005
10600 0.00527525 0.441236
10700 0.00532525 0.459608
10800 0.00537525 0.496084
10900 0.00542525 0.476106
11000 0.00547525 0.500111
11100 0.00552525 0.503014
11200 0.00557525 0.476165
11300 0.00562525 0.464694
11400 0.00567525 0.400319
11500 0.00572525 0.389097
11600 0.00577525 0.355085
11700 0.00582525 0.381459
11800 0.00587525 0.400867
11900 0.00592525 0.400747
12000 0.00597525 0.435898
12100 0.00602525 0.436754
12200 0.00607525 0.46831
12300 0.00612525 0.512934
12400 0.00617525 0.547307
12500 0.00622525 0.541174
12600 0.00627525 0.538812
12700 0.00632525 0.497061
12800 0.00637525 0.456659
12900 0.00642525 0.452447
13000 0.00647525 0.426324
13100 0.00652525 0.418494
13200 0.00657525 0.399239
13300 0.00662525 0.397789
13400 0.00667525 0.383112
13500 0.00672525 0.439
13600 0.00677525 0.492887
13700 0.00682525 0.514237
13800 0.00687525 0.563778
13900 0.00692525 0.561526
14000 0.00697525 0.545856
14100 0.00702525 0.543158
14200 0.00707525 0.521894
14300 0.00712525 0.528245
14400 0.00717525 0.504813
14500 0.00722525 0.443817
14600 0.00727525 0.428158
14700 0.00732525 0.418371
14800 0.00737525 0.428296
14900 0.00742525 0.442949
15000 0.00747525 0.48258
15100 0.00752525 0.522647
15200 0.00757525 0.541076
15300 0.00762525 0.538567
15400 0.00767525 0.578923
15500 0.00772525 0.57147
15600 0.00777525 0.605491
15700 0.00782525 0.592769
15800 0.00787525 0.555447
15900 0.00792525 0.506545
16000 0.00797525 0.472283
16100 0.00802525 0.457495
16200 0.00807525 0.456179
16300 0.00812525 0.490118
16400 0.00817525 0.467132
16500 0.00822525 0.499965
16600 0.00827525 0.497852
16700 0.00832525 0.535828
16800 0.00837525 0.57081
16900 0.00842525 0.622531
17000 0.00847525 0.616927
17100 0.00852525 0.599444
17200 0.00857525 0.572772
17300 0.00862525 0.551686
17400 0.00867525 0.537951
17500 0.00872525 0.54485
17600 0.00877525 0.526483
17700 0.00882525 0.508882
17800 0.00887525 0.489048
17900 0.00892525 0.49657
18000 0.00897525 0.520735
18100 0.00902525 0.54504
18200 0.00907525 0.579834
18300 0.00912525 0.60428
18400 0.00917525 0.613537
18500 0.00922525 0.625934
18600 0.00927525 0.624991
18700 0.00932525 0.616885
18800 0.00937525 0.623134
18900 0.00942525 0.606623
19000 0.00947525 0.583001
19100 0.00952525 0.538969
19200 0.00957525 0.522245
19300 0.00962525 0.518969
19400 0.00967525 0.549156
19500 0.00972525 0.539818
19600 0.00977525 0.563143
19700 0.00982525 0.58211
19800 0.00987525 0.589553
19900 0.00992525 0.620528
20000 0.00997525 0.652028
20100 0.0100252 0.68248
20200 0.0100753 0.661495
20300 0.0101253 0.646041
20400 0.0101753 0.608032
20500 0.0102253 0.579191
20600 0.0102753 0.582991
20700 0.0103252 0.570963
20800 0.0103753 0.580568
20900 0.0104253 0.547504
21000 0.0104753 0.549175
21100 0.0105253 0.569486
21200 0.0105753 0.609409
21300 0.0106252 0.646755
21400 0.0106753 0.654629
21500 0.0107253 0.683694
21600 0.0107753 0.673891
21700 0.0108253 0.69244
21800 0.0108753 0.682022
21900 0.0109253 0.655194
22000 0.0109753 0.650517
22100 0.0110253 0.638629
22200 0.0110752 0.597507
22300 0.0111252 0.559613
22400 0.0111753 0.578256
22500 0.0112253 0.589197
22600 0.0112753 0.599189
22700 0.0113253 0.652356
22800 0.0113753 0.653275
22900 0.0114252 0.696539
23000 0.0114753 0.697423
23100 0.0115253 0.707514
23200 0.0115752 0.704441
23300 0.0116253 0.731624
23400 0.0116752 0.697784
23500 0.0117253 0.654713
23600 0.0117753 0.636024
23700 0.0118253 0.623789
23800 0.0118753 0.606988
23900 0.0119253 0.615873
24000 0.0119752 0.623703
24100 0.0120253 0.641989
24200 0.0120753 0.653762
24300 0.0121252 0.673393
24400 0.0121752 0.682998
24500 0.0122253 0.74841
24600 0.0122753 0.758629
24700 0.0123253 0.739891
24800 0.0123753 0.723062
24900 0.0124253 0.705277
25000 0.0124753 0.681553
25100 0.0125253 0.706208
25200 0.0125753 0.663095
25300 0.0126252 0.665767
25400 0.0126753 0.642327
25500 0.0127253 0.627922
25600 0.0127753 0.655804
25700 0.0128253 0.700933
25800 0.0128752 0.73122
25900 0.0129252 0.733311
26000 0.0129753 0.763356
26100 0.0130252 0.757735
26200 0.0130753 0.753903
26300 0.0131253 0.749304
26400 0.0131753 0.744061
26500 0.0132253 0.733395
26600 0.0132753 0.695974
26700 0.0133253 0.683755
26800 0.0133753 0.668491
26900 0.0134253 0.662168
27000 0.0134753 0.676497
27100 0.0135252 0.69505
27200 0.0135753 0.732984
27300 0.0136253 0.745179
27400 0.0136753 0.770469
27500 0.0137253 0.757731
27600 0.0137752 0.794929
27700 0.0138253 0.787838
27800 0.0138753 0.792115
27900 0.0139253 0.785579
28000 0.0139753 0.744195
28100 0.0140253 0.739926
28200 0.0140753 0.707192
28300 0.0141253 0.715561
28400 0.0141753 0.699366
28500 0.0142253 0.708407
28600 0.0142753 0.710857
28700 0.0143253 0.727567
28800 0.0143753 0.764132
28900 0.0144253 0.786663
29000 0.0144753 0.7858
29100 0.0145253 0.816014
29200 0.0145753 0.811673
29300 0.0146253 0.820777
29400 0.0146753 0.806803
29500 0.0147252 0.798788
29600 0.0147753 0.733492
29700 0.0148253 0.747608
29800 0.0148753 0.738661
29900 0.0149253 0.716705
30000 0.0149753 0.741923
30100 0.0150253 0.736719
30200 0.0150753 0.752128
30300 0.0151253 0.747637
30400 0.0151753 0.798976
30500 0.0152253 0.825458
30600 0.0152753 0.848107
30700 0.0153253 0.851076
30800 0.0153753 0.838004
30900 0.0154253 0.825541
31000 0.0154752 0.810633
31100 0.0155253 0.809051
31200 0.0155753 0.782317
31300 0.0156253 0.768245
31400 0.0156753 0.739711
31500 0.0157253 0.755726
31600 0.0157753 0.75848
31700 0.0158253 0.772684
31800 0.0158753 0.818876
31900 0.0159253 0.826345
32000 0.0159753 0.85921
32100 0.0160253 0.837131
32200 0.0160753 0.863896
32300 0.0161253 0.8811
32400 0.0161753 0.858284
32500 0.0162253 0.854345
32600 0.0162753 0.814134
32700 0.0163253 0.804132
32800 0.0163752 0.80029
32900 0.0164253 0.788196
33000 0.0164753 0.79716
33100 0.0165253 0.799181
33200 0.0165753 0.796592
33300 0.0166253 0.810338
33400 0.0166753 0.835292
33500 0.0167253 0.87723
33600 0.0167753 0.894621
33700 0.0168253 0.886559
33800 0.0168753 0.862217
33900 0.0169252 0.880261
34000 0.0169752 0.885792
34100 0.0170253 0.854348
34200 0.0170753 0.847449
34300 0.0171252 0.843505
34400 0.0171753 0.803952
34500 0.0172253 0.811697
34600 0.0172753 0.80887
34700 0.0173253 0.817599
34800 0.0173753 0.851585
34900 0.0174253 0.858965
35000 0.0174753 0.881561
35100 0.0175253 0.886032
35200 0.0175753 0.913808
35300 0.0176253 0.896564
35400 0.0176753 0.91899
35500 0.0177252 0.903548
35600 0.0177753 0.908591
35700 0.0178253 0.87539
35800 0.0178752 0.840456
35900 0.0179253 0.833855
36000 0.0179753 0.84465
36100 0.0180253 0.868195
36200 0.0180753 0.873138
36300 0.0181253 0.868677
36400 0.0181753 0.881996
36500 0.0182253 0.892611
36600 0.0182753 0.921648
36700 0.0183253 0.938471
36800 0.0183753 0.940203
36900 0.0184253 0.929471
37000 0.0184753 0.938656
37100 0.0185253 0.904508
37200 0.0185753 0.918074
37300 0.0186253 0.887074
37400 0.0186753 0.904153
37500 0.0187253 0.878019
37600 0.0187753 0.858161
37700 0.0188253 0.873483
37800 0.0188753 0.898116
37900 0.0189253 0.899693
38000 0.0189753 0.936667
38100 0.0190253 0.937762
38200 0.0190752 0.958885
38300 0.0191253 0.98044
38400 0.0191753 0.963886
38500 0.0192253 0.963314
38600 0.0192753 0.952636
38700 0.0193253 0.957768
38800 0.0193753 0.921344
38900 0.0194253 0.902814
39000 0.0194753 0.900206
39100 0.0195253 0.899563
39200 0.0195753 0.895097
39300 0.0196253 0.919949
39400 0.0196753 0.94148
39500 0.0197253 0.936555
39600 0.0197753 0.970608
39700 0.0198253 0.967085
39800 0.0198753 0.997894
39900 0.0199253 1.00327
40000 0.0199753 0.968973
40100 0.0200253 0.982698
40200 0.0200753 0.975207
40300 0.0201253 0.945882
40400 0.0201753 0.930042
40500 0.0202253 0.915669
40600 0.0202752 0.923867
40700 0.0203253 0.907556
40800 0.0203753 0.943651
40900 0.0204252 0.967449
41000 0.0204753 0.979708
41100 0.0205253 0.997609
41200 0.0205753 0.998286
41300 0.0206253 1.00592
41400 0.0206753 1.04143
41500 0.0207253 1.03329
41600 0.0207752 0.987567
41700 0.0208253 0.987698
41800 0.0208753 0.970124
41900 0.0209253 0.952644
42000 0.0209753 0.957994
42100 0.0210252 0.949642
42200 0.0210753 0.961384
42300 0.0211253 0.976737
42400 0.0211752 0.974753
42500 0.0212253 1.0074
42600 0.0212752 1.0189
42700 0.0213253 1.02622
42800 0.0213753 1.03345
42900 0.0214253 1.04764
43000 0.0214753 1.03585
43100 0.0215252 1.043
43200 0.0215753 1.01699
43300 0.0216253 1.01743
43400 0.0216753 0.983232
43500 0.0217253 0.985773
43600 0.0217752 0.994079
43700 0.0218253 0.982806
43800 0.0218753 1.00054
43900 0.0219253 0.994796
44000 0.0219753 1.02576
44100 0.0220252 1.0219
44200 0.0220753 1.04045
44300 0.0221253 1.05866
44400 0.0221753 1.08234
44500 0.0222253 1.07553
44600 0.0222752 1.04773
44700 0.0223253 1.07004
44800 0.0223752 1.05985
44900 0.0224253 1.03992
45000 0.0224753 1.01925
45100 0.0225252 1.03191
45200 0.0225753 1.00716
45300 0.0226253 1.00569
45400 0.0226752 1.01961
45500 0.0227253 1.04697
45600 0.0227753 1.0753
45700 0.0228253 1.06153
45800 0.0228753 1.07931
45900 0.0229253 1.09898
46000 0.0229753 1.09217
46100 0.0230252 1.09184
46200 0.0230753 1.07628
46300 0.0231253 1.08528
46400 0.0231752 1.08173
46500 0.0232253 1.05701
46600 0.0232752 1.05226
46700 0.0233253 1.04865
46800 0.0233753 1.05596
46900 0.0234252 1.06094
47000 0.0234753 1.06684
47100 0.0235253 1.08666
47200 0.0235753 1.08964
47300 0.0236253 1.10614
47400 0.0236752 1.11675
47500 0.0237253 1.13761
47600 0.0237752 1.12211
47700 0.0238253 1.12291
47800 0.0238753 1.11549
47900 0.0239252 1.11075
48000 0.0239753 1.1084
48100 0.0240253 1.07964
48200 0.0240753 1.07007
48300 0.0241253 1.06246
48400 0.0241752 1.09923
48500 0.0242253 1.08947
48600 0.0242753 1.09391
48700 0.0243253 1.12497
48800 0.0243753 1.1532
48900 0.0244253 1.1357
49000 0.0244753 1.14913
49100 0.0245253 1.16985
49200 0.0245753 1.17093
49300 0.0246253 1.16165
49400 0.0246752 1.13906
49500 0.0247253 1.1283
49600 0.0247753 1.1196
49700 0.0248253 1.10324
49800 0.0248753 1.09456
49900 0.0249252 1.11232
50000 0.0249753 1.1274
50100 0.0250253 1.14282
50200 0.0250753 1.14353
50300 0.0251253 1.16626
50400 0.0251753 1.15517
50500 0.0252253 1.1933
50600 0.0252752 1.19352
50700 0.0253253 1.17458
50800 0.0253753 1.16495
50900 0.0254253 1.14795
51000 0.0254753 1.15115
51100 0.0255253 1.14068
51200 0.0255753 1.14655
51300 0.0256253 1.14588
51400 0.0256752 1.14304
51500 0.0257253 1.15769
51600 0.0257753 1.17352
51700 0.0258253 1.18969
51800 0.0258753 1.20853
51900 0.0259253 1.19569
52000 0.0259753 1.20741
52100 0.0260253 1.20181
52200 0.0260753 1.21417
52300 0.0261253 1.20241
52400 0.0261752 1.17922
52500 0.0262253 1.18798
52600 0.0262753 1.16627
52700 0.0263252 1.16167
52800 0.0263753 1.16086
52900 0.0264253 1.18221
53000 0.0264752 1.18647
53100 0.0265253 1.20381
53200 0.0265753 1.2031
53300 0.0266253 1.20671
53400 0.0266753 1.22982
53500 0.0267253 1.25502
53600 0.0267753 1.25852
53700 0.0268253 1.22733
53800 0.0268753 1.22069
53900 0.0269252 1.20318
54000 0.0269753 1.21226
54100 0.0270253 1.2171
54200 0.0270753 1.20969
54300 0.0271253 1.20883
54400 0.0271752 1.18395
54500 0.0272253 1.1978
54600 0.0272753 1.21945
54700 0.0273253 1.24176
54800 0.0273753 1.26186
54900 0.0274253 1.2665
55000 0.0274753 1.25402
55100 0.0275253 1.24858
55200 0.0275753 1.2338
55300 0.0276253 1.27313
55400 0.0276752 1.28087
55500 0.0277253 1.24847
55600 0.0277753 1.21842
55700 0.0278253 1.23085
55800 0.0278753 1.22142
55900 0.0279252 1.23796
56000 0.0279753 1.24656
56100 0.0280253 1.24822
56200 0.0280753 1.2649
56300 0.0281253 1.26695
56400 0.0281752 1.2611
56500 0.0282253 1.29455
56600 0.0282753 1.30898
56700 0.0283253 1.30725
56800 0.0283753 1.2915
56900 0.0284252 1.27721
57000 0.0284753 1.26337
57100 0.0285253 1.24703
57200 0.0285753 1.24938
57300 0.0286253 1.26605
57400 0.0286752 1.26659
57500 0.0287253 1.22713
57600 0.0287753 1.25106
57700 0.0288253 1.26276
57800 0.0288753 1.31729
57900 0.0289252 1.3009
58000 0.0289753 1.3052
58100 0.0290253 1.30413
58200 0.0290753 1.31746
58300 0.0291253 1.30082
58400 0.0291752 1.30625
58500 0.0292253 1.29501
58600 0.0292753 1.28696
58700 0.0293253 1.27468
58800 0.0293753 1.25942
58900 0.0294253 1.26467
59000 0.0294753 1.29249
59100 0.0295253 1.3063
59200 0.0295753 1.31413
59300 0.0296253 1.31763
59400 0.0296752 1.32468
59500 0.0297253 1.34341
59600 0.0297753 1.34862
59700 0.0298253 1.34177
59800 0.0298753 1.3658
59900 0.0299252 1.33765
60000 0.0299753 1.32356
60100 0.0300253 1.32315
60200 0.0300752 1.31277
60300 0.0301253 1.31115
60400 0.0301752 1.33364
60500 0.0302253 1.31786
60600 0.0302753 1.29466
60700 0.0303253 1.33859
60800 0.0303753 1.33968
60900 0.0304253 1.36587
61000 0.0304753 1.38935
61100 0.0305253 1.4047
61200 0.0305753 1.39416
61300 0.0306253 1.39864
61400 0.0306752 1.37616
61500 0.0307253 1.38122
61600 0.0307753 1.36116
61700 0.0308253 1.33522
61800 0.0308753 1.32177
61900 0.0309253 1.33929
62000 0.0309753 1.34757
62100 0.0310253 1.34185
62200 0.0310753 1.35159
62300 0.0311253 1.35038
62400 0.0311753 1.39074
62500 0.0312253 1.41586
62600 0.0312753 1.41505
62700 0.0313253 1.43491
62800 0.0313753 1.42753
62900 0.0314252 1.39255
63000 0.0314753 1.37914
63100 0.0315253 1.38965
63200 0.0315753 1.36462
63300 0.0316253 1.36865
63400 0.0316753 1.34607
63500 0.0317253 1.33054
63600 0.0317753 1.36639
63700 0.0318253 1.38335
63800 0.0318753 1.41201
63900 0.0319252 1.4422
64000 0.0319753 1.43682
64100 0.0320252 1.43269
64200 0.0320753 1.43315
64300 0.0321253 1.43398
64400 0.0321752 1.45305
64500 0.0322253 1.4339
64600 0.0322753 1.40664
64700 0.0323253 1.40142
64800 0.0323753 1.36985
64900 0.0324253 1.36748
65000 0.0324753 1.37571
65100 0.0325253 1.41031
65200 0.0325753 1.41506
65300 0.0326252 1.42542
65400 0.0326753 1.45982
65500 0.0327253 1.44771
65600 0.0327752 1.45848
65700 0.0328253 1.4851
65800 0.0328753 1.4901
65900 0.0329252 1.48922
66000 0.0329753 1.44623
66100 0.0330253 1.43254
66200 0.0330753 1.40724
66300 0.0331253 1.40985
66400 0.0331753 1.40677
66500 0.0332253 1.40243
66600 0.0332753 1.43496
66700 0.0333253 1.4405
66800 0.0333753 1.42822
66900 0.0334253 1.44346
67000 0.0334753 1.48552
67100 0.0335253 1.50806
67200 0.0335753 1.53293
67300 0.0336253 1.50128
67400 0.0336753 1.48009
67500 0.0337253 1.48924
67600 0.0337753 1.46972
67700 0.0338253 1.44573
67800 0.0338753 1.46576
67900 0.0339253 1.45654
68000 0.0339753 1.43808
68100 0.0340253 1.41709
68200 0.0340753 1.45128
68300 0.0341253 1.47791
68400 0.0341753 1.51073
68500 0.0342253 1.51899
68600 0.0342753 1.51245
68700 0.0343253 1.52154
68800 0.0343753 1.49248
68900 0.0344253 1.51121
69000 0.0344753 1.53452
69100 0.0345253 1.54495
69200 0.0345753 1.47991
69300 0.0346253 1.47055
69400 0.0346753 1.44523
69500 0.0347253 1.45911
69600 0.0347753 1.47061
69700 0.0348253 1.48934
69800 0.0348753 1.50013
69900 0.0349253 1.52271
70000 0.0349753 1.49353
70100 0.0350253 1.51196
70200 0.0350753 1.53433
70300 0.0351253 1.55435
70400 0.0351753 1.54902
70500 0.0352253 1.55953
70600 0.0352753 1.53773
70700 0.0353253 1.51033
70800 0.0353753 1.51887
70900 0.0354253 1.49582
71000 0.0354753 1.51229
71100 0.0355252 1.51629
71200 0.0355753 1.49242
71300 0.0356253 1.50499
71400 0.0356753 1.51649
71500 0.0357253 1.54612
71600 0.0357752 1.55787
71700 0.0358253 1.56863
71800 0.0358753 1.59063
71900 0.0359253 1.5545
72000 0.0359753 1.58022
72100 0.0360253 1.56197
72200 0.0360753 1.54485
72300 0.0361253 1.54918
72400 0.0361753 1.55585
72500 0.0362253 1.54062
72600 0.0362753 1.52574
72700 0.0363253 1.52858
72800 0.0363753 1.51919
72900 0.0364253 1.56045
73000 0.0364753 1.57128
73100 0.0365253 1.57604
73200 0.0365753 1.59969
73300 0.0366253 1.59807
73400 0.0366753 1.60513
73500 0.0367253 1.58997
73600 0.0367753 1.62018
73700 0.0368253 1.59954
73800 0.0368753 1.60758
73900 0.0369253 1.58354
74000 0.0369753 1.55455
74100 0.0370253 1.57301
74200 0.0370753 1.55459
74300 0.0371253 1.55849
74400 0.0371753 1.5732
74500 0.0372253 1.60763
74600 0.0372753 1.60809
74700 0.0373253 1.61144
74800 0.0373753 1.63439
74900 0.0374253 1.62771
75000 0.0374753 1.6526
75100 0.0375253 1.63695
75200 0.0375753 1.61803
75300 0.0376253 1.61083
75400 0.0376753 1.5882
75500 0.0377253 1.5999
75600 0.0377753 1.59446
75700 0.0378253 1.60405
75800 0.0378753 1.60047
75900 0.0379253 1.59547
76000 0.0379753 1.59736
76100 0.0380253 1.61724
76200 0.0380753 1.66338
76300 0.0381253 1.66368
76400 0.0381753 1.65971
76500 0.0382253 1.63585
76600 0.0382753 1.67784
76700 0.0383253 1.6563
76800 0.0383753 1.64328
76900 0.0384253 1.63521
77000 0.0384753 1.64415
77100 0.0385253 1.63633
77200 0.0385753 1.59983
77300 0.0386253 1.61788
77400 0.0386753 1.61341
77500 0.0387253 1.64667
77600 0.0387753 1.67888
77700 0.0388253 1.68779
77800 0.0388753 1.6699
77900 0.0389253 1.69734
78000 0.0389753 1.67029
78100 0.0390253 1.6808
78200 0.0390753 1.69422
78300 0.0391253 1.70635
78400 0.0391753 1.65699
78500 0.0392253 1.64791
78600 0.0392753 1.64246
78700 0.0393253 1.63692
78800 0.0393753 1.66603
78900 0.0394253 1.65758
79000 0.0394753 1.7008
79100 0.0395253 1.69523
79200 0.0395753 1.7221
79300 0.0396253 1.71585
79400 0.0396753 1.72069
79500 0.0397253 1.74348
79600 0.0397753 1.7261
79700 0.0398253 1.7221
79800 0.0398753 1.71383
79900 0.0399253 1.71386
80000 0.0399753 1.67005
80100 0.0400253 1.67956
80200 0.0400753 1.6528
80300 0.0401253 1.69245
80400 0.0401753 1.69707
80500 0.0402253 1.68869
80600 0.0402753 1.69166
80700 0.0403253 1.73279
80800 0.0403753 1.75637
80900 0.0404253 1.75192
81000 0.0404753 1.77368
81100 0.0405253 1.77735
81200 0.0405753 1.73547
81300 0.0406253 1.71394
81400 0.0406753 1.71058
81500 0.0407253 1.73236
81600 0.0407753 1.71304
81700 0.0408253 1.7137
81800 0.0408753 1.72044
81900 0.0409253 1.72842
82000 0.0409753 1.71614
82100 0.0410253 1.73662
82200 0.0410753 1.78033
82300 0.0411253 1.78275
82400 0.0411753 1.77786
82500 0.0412253 1.7584
82600 0.0412753 1.77321
82700 0.0413253 1.77044
82800 0.0413753 1.77491
82900 0.0414253 1.76015
83000 0.0414753 1.74524
83100 0.0415253 1.73847
83200 0.0415753 1.72577
83300 0.0416253 1.72508
83400 0.0416753 1.75209
83500 0.0417253 1.77352
83600 0.0417753 1.79684
83700 0.0418253 1.784
83800 0.0418753 1.78865
83900 0.0419253 1.78812
84000 0.0419753 1.77677
84100 0.0420253 1.81702
84200 0.0420753 1.82199
84300 0.0421253 1.83124
84400 0.0421753 1.77384
84500 0.0422253 1.77875
84600 0.0422753 1.77109
84700 0.0423253 1.79279
84800 0.0423753 1.7793
84900 0.0424252 1.7987
85000 0.0424753 1.79012
85100 0.0425253 1.80148
85200 0.0425753 1.78051
85300 0.0426253 1.79459
85400 0.0426753 1.83425
85500 0.0427253 1.85917
85600 0.0427753 1.86512
85700 0.0428253 1.82865
85800 0.0428753 1.82622
85900 0.0429253 1.82262
86000 0.0429753 1.81722
86100 0.0430253 1.80532
86200 0.0430753 1.84389
86300 0.0431253 1.81593
86400 0.0431752 1.79607
86500 0.0432253 1.79452
86600 0.0432753 1.83266
86700 0.0433252 1.85431
86800 0.0433753 1.8602
86900 0.0434252 1.84344
87000 0.0434753 1.86273
87100 0.0435253 1.8449
87200 0.0435753 1.84723
87300 0.0436253 1.87507
87400 0.0436753 1.87234
87500 0.0437253 1.8827
87600 0.0437753 1.85779
87700 0.0438253 1.81172
87800 0.0438753 1.83177
87900 0.0439252 1.84539
88000 0.0439753 1.83456
88100 0.0440253 1.82754
88200 0.0440753 1.85207
88300 0.0441253 1.87446
88400 0.0441753 1.88567
88500 0.0442253 1.87811
88600 0.0442753 1.90496
88700 0.0443253 1.90267
88800 0.0443752 1.8966
88900 0.0444252 1.89028
89000 0.0444753 1.87397
89100 0.0445253 1.89049
89200 0.0445753 1.87589
89300 0.0446253 1.87689
89400 0.0446752 1.86149
89500 0.0447253 1.87205
89600 0.0447753 1.87744
89700 0.0448253 1.88101
89800 0.0448753 1.88656
89900 0.0449253 1.91263
90000 0.0449753 1.921
90100 0.0450253 1.90929
90200 0.0450753 1.92538
90300 0.0451253 1.91317
90400 0.0451752 1.90791
90500 0.0452253 1.91187
90600 0.0452752 1.90286
90700 0.0453253 1.90209
90800 0.0453753 1.92086
90900 0.0454252 1.90711
91000 0.0454753 1.89087
91100 0.0455253 1.89939
91200 0.0455753 1.91849
91300 0.0456253 1.9365
91400 0.0456753 1.9425
91500 0.0457253 1.92911
91600 0.0457753 1.93783
91700 0.0458253 1.93281
91800 0.0458753 1.95253
91900 0.0459253 1.96261
92000 0.0459753 1.95785
92100 0.0460252 1.93338
92200 0.0460753 1.93212
92300 0.0461253 1.89909
92400 0.0461752 1.92933
92500 0.0462253 1.94609
92600 0.0462753 1.95475
92700 0.0463253 1.96208
92800 0.0463753 1.95095
92900 0.0464253 1.94288
93000 0.0464753 1.96509
93100 0.0465253 1.97813
93200 0.0465753 1.99494
93300 0.0466253 1.97062
93400 0.0466753 1.98812
93500 0.0467253 1.95292
93600 0.0467753 1.95369
93700 0.0468253 1.93965
93800 0.0468753 1.9439
93900 0.0469253 1.97526
94000 0.0469753 1.98006
94100 0.0470253 1.98157
94200 0.0470753 1.96284
94300 0.0471253 1.99592
94400 0.0471753 1.98861
94500 0.0472253 2.00355
94600 0.0472752 2.03053
94700 0.0473253 2.00572
94800 0.0473753 2.00234
94900 0.0474253 1.99308
95000 0.0474753 1.97639
95100 0.0475252 2.02083
95200 0.0475753 2.01615
95300 0.0476253 2.02107
95400 0.0476753 1.99706
95500 0.0477252 1.98907
95600 0.0477753 2.0053
95700 0.0478253 2.0052
95800 0.0478753 2.01888
95900 0.0479253 2.02677
96000 0.0479753 2.0195
96100 0.0480252 2.02364
96200 0.0480753 2.0516
96300 0.0481253 2.04101
96400 0.0481753 2.0276
96500 0.0482253 2.04331
96600 0.0482752 2.02943
96700 0.0483253 2.03279
96800 0.0483753 2.03825
96900 0.0484253 2.02274
97000 0.0484753 2.01154
97100 0.0485253 2.0135
97200 0.0485753 2.03937
97300 0.0486253 2.05037
97400 0.0486753 2.05677
97500 0.0487253 2.03559
97600 0.0487753 2.06159
97700 0.0488253 2.04383
97800 0.0488753 2.05837
97900 0.0489253 2.05079
98000 0.0489753 2.08637
98100 0.0490253 2.05581
98200 0.0490753 2.05692
98300 0.0491253 2.04905
98400 0.0491752 2.05954
98500 0.0492253 2.04853
98600 0.0492753 2.05269
98700 0.0493253 2.08069
98800 0.0493753 2.08269
98900 0.0494253 2.06871
99000 0.0494753 2.07322
99100 0.0495252 2.0669
99200 0.0495753 2.10008
99300 0.0496253 2.10741
99400 0.0496753 2.11333
99500 0.0497253 2.0886
99600 0.0497753 2.08464
99700 0.0498253 2.08803
99800 0.0498753 2.08318
99900 0.0499253 2.07695
100000 0.0499753 2.09632
100100 0.0500253 2.08403
100200 0.0500753 2.09608
100300 0.0501253 2.08802
100400 0.0501753 2.08869
100500 0.0502253 2.11414
100600 0.0502753 2.10266
100700 0.0503253 2.10601
100800 0.0503753 2.09038
100900 0.0504253 2.10918
101000 0.0504753 2.11046
101100 0.0505253 2.1376
101200 0.0505753 2.11047
101300 0.0506253 2.1398
101400 0.0506753 2.13108
101500 0.0507253 2.12078
101600 0.0507753 2.1198
101700 0.0508253 2.12597
101800 0.0508753 2.13154
101900 0.0509253 2.12272
102000 0.0509753 2.13683
102100 0.0510252 2.11909
102200 0.0510753 2.12208
102300 0.0511253 2.12592
102400 0.0511753 2.11716
102500 0.0512253 2.13881
102600 0.0512753 2.15818
102700 0.0513253 2.1573
102800 0.0513753 2.15081
102900 0.0514253 2.13904
103000 0.0514753 2.14978
103100 0.0515253 2.14865
103200 0.0515753 2.17512
103300 0.0516253 2.17521
103400 0.0516753 2.16849
103500 0.0517253 2.16278
103600 0.0517752 2.13928
103700 0.0518253 2.14056
103800 0.0518753 2.16172
103900 0.0519253 2.17996
104000 0.0519753 2.18522
104100 0.0520252 2.17166
104200 0.0520753 2.14963
104300 0.0521253 2.15413
104400 0.0521753 2.1732
104500 0.0522253 2.19258
104600 0.0522753 2.18605
104700 0.0523253 2.21937
104800 0.0523752 2.18726
104900 0.0524253 2.17888
105000 0.0524753 2.17086
105100 0.0525253 2.18947
105200 0.0525753 2.17856
105300 0.0526253 2.18564
105400 0.0526753 2.18341
105500 0.0527253 2.16501
105600 0.0527752 2.18152
105700 0.0528253 2.19417
105800 0.0528753 2.22285
105900 0.0529253 2.2448
106000 0.0529753 2.22341
106100 0.0530252 2.21567
106200 0.0530753 2.22716
106300 0.0531252 2.20484
106400 0.0531753 2.2139
106500 0.0532253 2.22879
106600 0.0532753 2.21878
106700 0.0533253 2.21158
106800 0.0533753 2.17291
106900 0.0534253 2.20276
107000 0.0534753 2.19562
107100 0.0535253 2.24265
107200 0.0535753 2.24697
107300 0.0536252 2.27088
107400 0.0536753 2.24079
107500 0.0537253 2.23264
107600 0.0537753 2.25713
107700 0.0538253 2.24618
107800 0.0538752 2.2811
107900 0.0539253 2.26902
108000 0.0539753 2.24982
108100 0.0540253 2.2248
108200 0.0540753 2.22753
108300 0.0541252 2.23435
108400 0.0541753 2.23461
108500 0.0542253 2.24443
108600 0.0542753 2.26357
108700 0.0543253 2.24236
108800 0.0543752 2.23248
108900 0.0544253 2.2543
109000 0.0544753 2.2883
109100 0.0545253 2.30126
109200 0.0545753 2.29832
109300 0.0546253 2.30216
109400 0.0546753 2.32092
109500 0.0547253 2.29421
109600 0.0547753 2.27588
109700 0.0548253 2.27211
109800 0.0548753 2.28729
109900 0.0549253 2.26474
110000 0.0549753 2.23731
110100 0.0550253 2.24898
110200 0.0550753 2.26156
110300 0.0551253 2.27574
110400 0.0551753 2.2806
110500 0.0552252 2.30978
110600 0.0552753 2.31158
110700 0.0553253 2.31693
110800 0.0553752 2.34103
110900 0.0554253 2.33284
111000 0.0554753 2.31617
111100 0.0555253 2.31843
111200 0.0555753 2.31128
111300 0.0556252 2.28442
111400 0.0556753 2.29068
111500 0.0557252 2.29317
111600 0.0557753 2.30116
111700 0.0558253 2.28889
111800 0.0558753 2.29328
111900 0.0559253 2.33988
112000 0.0559752 2.33846
112100 0.0560253 2.3358
112200 0.0560753 2.35502
112300 0.0561252 2.36513
112400 0.0561753 2.36274
112500 0.0562253 2.34278
112600 0.0562753 2.31907
112700 0.0563253 2.35265
112800 0.0563753 2.34638
112900 0.0564253 2.33369
113000 0.0564752 2.30654
113100 0.0565253 2.31014
113200 0.0565753 2.31376
113300 0.0566253 2.34213
113400 0.0566753 2.38384
113500 0.0567252 2.32856
113600 0.0567753 2.37251
113700 0.0568253 2.37558
113800 0.0568753 2.3923
113900 0.0569253 2.39152
114000 0.0569752 2.39589
114100 0.0570253 2.4124
114200 0.0570753 2.37593
114300 0.0571253 2.3605
114400 0.0571753 2.35113
114500 0.0572252 2.35903
114600 0.0572753 2.36256
114700 0.0573253 2.35737
114800 0.0573753 2.36632
114900 0.0574253 2.37899
115000 0.0574752 2.3597
115100 0.0575253 2.35279
115200 0.0575753 2.40336
115300 0.0576253 2.40909
115400 0.0576753 2.41862
115500 0.0577252 2.43594
115600 0.0577753 2.39202
115700 0.0578253 2.41084
115800 0.0578753 2.40234
115900 0.0579253 2.4204
116000 0.0579752 2.38987
116100 0.0580253 2.39445
116200 0.0580752 2.40077
116300 0.0581253 2.36732
116400 0.0581753 2.35727
116500 0.0582252 2.40779
116600 0.0582753 2.42344
116700 0.0583253 2.42517
116800 0.0583753 2.43797
116900 0.0584253 2.43076
117000 0.0584753 2.43941
117100 0.0585253 2.45048
117200 0.0585752 2.44993
117300 0.0586253 2.45405
117400 0.0586753 2.44825
117500 0.0587252 2.41072
117600 0.0587753 2.40639
117700 0.0588252 2.39715
117800 0.0588753 2.42973
117900 0.0589253 2.42269
118000 0.0589753 2.42919
118100 0.0590253 2.46626
118200 0.0590752 2.42985
118300 0.0591253 2.43956
118400 0.0591753 2.44879
118500 0.0592253 2.47149
118600 0.0592753 2.5268
118700 0.0593252 2.48437
118800 0.0593753 2.45402
118900 0.0594253 2.46236
119000 0.0594753 2.46502
119100 0.0595253 2.438
119200 0.0595752 2.44617
119300 0.0596253 2.44656
119400 0.0596753 2.45707
119500 0.0597253 2.46976
119600 0.0597753 2.45482
119700 0.0598252 2.48
119800 0.0598753 2.4968
119900 0.0599253 2.50898
120000 0.0599753 2.5186
120100 0.0600253 2.5217
120200 0.0600753 2.52332
120300 0.0601253 2.50177
120400 0.0601753 2.49992
120500 0.0602253 2.50035
120600 0.0602753 2.49469
120700 0.0603252 2.47762
120800 0.0603753 2.46374
120900 0.0604252 2.47669
121000 0.0604753 2.46505
121100 0.0605253 2.49625
121200 0.0605753 2.50395
121300 0.0606253 2.51052
121400 0.0606753 2.52946
121500 0.0607253 2.54674
121600 0.0607753 2.54787
121700 0.0608252 2.52983
121800 0.0608753 2.56408
121900 0.0609253 2.56324
122000 0.0609753 2.53185
122100 0.0610253 2.52911
122200 0.0610752 2.49191
122300 0.0611253 2.51239
122400 0.0611753 2.50305
122500 0.0612253 2.50254
122600 0.0612753 2.52279
122700 0.0613253 2.53385
122800 0.0613753 2.53816
122900 0.0614253 2.54437
123000 0.0614753 2.56715
123100 0.0615253 2.58767
123200 0.0615753 2.59117
123300 0.0616253 2.58848
123400 0.0616753 2.58961
123500 0.0617253 2.58313
123600 0.0617753 2.55183
123700 0.0618253 2.54866
123800 0.0618753 2.53106
123900 0.0619253 2.55064
124000 0.0619753 2.50149
124100 0.0620253 2.53087
124200 0.0620753 2.53925
124300 0.0621253 2.55617
124400 0.0621752 2.59035
124500 0.0622253 2.56793
124600 0.0622753 2.6049
124700 0.0623253 2.60917
124800 0.0623753 2.62118
124900 0.0624252 2.61742
125000 0.0624753 2.62386
125100 0.0625253 2.61631
125200 0.0625753 2.57015
125300 0.0626253 2.57311
125400 0.0626752 2.53542
125500 0.0627253 2.54728
125600 0.0627753 2.57981
125700 0.0628253 2.56947
125800 0.0628753 2.59004
125900 0.0629253 2.59767
126000 0.0629753 2.60029
126100 0.0630253 2.61421
126200 0.0630753 2.62982
126300 0.0631253 2.66022
126400 0.0631753 2.65628
126500 0.0632253 2.63383
126600 0.0632753 2.63707
126700 0.0633253 2.6041
126800 0.0633753 2.61847
126900 0.0634253 2.61787
127000 0.0634753 2.61929
127100 0.0635253 2.61843
127200 0.0635753 2.61213
127300 0.0636253 2.61329
127400 0.0636753 2.61844
127500 0.0637253 2.65575
127600 0.0637752 2.67319
127700 0.0638253 2.67837
127800 0.0638753 2.68283
127900 0.0639253 2.66846
128000 0.0639753 2.66501
128100 0.0640252 2.65472
128200 0.0640753 2.68535
128300 0.0641253 2.6791
128400 0.0641753 2.65838
128500 0.0642253 2.62343
128600 0.0642752 2.62195
128700 0.0643253 2.63642
128800 0.0643753 2.65153
128900 0.0644253 2.66734
129000 0.0644753 2.66512
129100 0.0645252 2.67718
129200 0.0645753 2.67914
129300 0.0646253 2.68507
129400 0.0646753 2.71487
129500 0.0647253 2.7284
129600 0.0647753 2.72448
129700 0.0648253 2.68107
129800 0.0648753 2.68305
129900 0.0649253 2.69112
130000 0.0649753 2.69667
130100 0.0650253 2.70004
130200 0.0650753 2.69223
130300 0.0651253 2.68455
130400 0.0651753 2.6751
130500 0.0652253 2.68458
130600 0.0652753 2.70542
130700 0.0653253 2.72882
130800 0.0653753 2.75949
130900 0.0654253 2.73656
131000 0.0654753 2.75393
131100 0.0655253 2.72392
131200 0.0655753 2.74021
131300 0.0656252 2.72934
131400 0.0656753 2.73722
131500 0.0657253 2.75462
131600 0.0657753 2.70024
131700 0.0658253 2.69786
131800 0.0658753 2.70848
131900 0.0659253 2.71851
132000 0.0659753 2.73569
132100 0.0660252 2.75514
132200 0.0660753 2.74436
132300 0.0661253 2.73517
132400 0.0661753 2.73807
132500 0.0662253 2.72936
132600 0.0662753 2.75366
132700 0.0663253 2.79378
132800 0.0663752 2.75603
132900 0.0664253 2.74151
133000 0.0664753 2.73314
133100 0.0665253 2.72888
133200 0.0665753 2.76226
133300 0.0666253 2.75148
133400 0.0666753 2.76145
133500 0.0667253 2.7727
133600 0.0667753 2.7642
133700 0.0668253 2.73671
133800 0.0668753 2.73725
133900 0.0669253 2.7851
134000 0.0669753 2.79365
134100 0.0670253 2.82003
134200 0.0670753 2.81118
134300 0.0671252 2.77499
134400 0.0671753 2.77826
134500 0.0672253 2.76174
134600 0.0672753 2.77917
134700 0.0673253 2.79816
134800 0.0673753 2.78749
134900 0.0674253 2.76782
135000 0.0674753 2.74559
135100 0.0675253 2.75232
135200 0.0675753 2.77457
135300 0.0676253 2.8415
135400 0.0676753 2.81901
135500 0.0677253 2.81624
135600 0.0677753 2.85262
135700 0.0678253 2.84628
135800 0.0678753 2.82345
135900 0.0679253 2.84237
136000 0.0679753 2.84312
136100 0.0680253 2.81339
136200 0.0680753 2.80596
136300 0.0681253 2.79155
136400 0.0681753 2.78032
136500 0.0682253 2.80267
136600 0.0682753 2.82669
136700 0.0683253 2.8219
136800 0.0683753 2.83427
136900 0.0684253 2.81371
137000 0.0684753 2.84367
137100 0.0685253 2.85738
137200 0.0685753 2.87539
137300 0.0686253 2.89623
137400 0.0686753 2.88842
137500 0.0687253 2.87353
137600 0.0687753 2.83949
137700 0.0688253 2.83019
137800 0.0688753 2.85694
137900 0.0689253 2.82781
138000 0.0689753 2.86638
138100 0.0690253 2.84185
138200 0.0690753 2.82962
138300 0.0691253 2.82268
138400 0.0691753 2.84426
138500 0.0692253 2.86351
138600 0.0692753 2.87975
138700 0.0693253 2.889
138800 0.0693753 2.88323
138900 0.0694253 2.87187
139000 0.0694753 2.86932
139100 0.0695253 2.88355
139200 0.0695753 2.87469
139300 0.0696253 2.89661
139400 0.0696753 2.87609
139500 0.0697253 2.86854
139600 0.0697753 2.85724
139700 0.0698253 2.85677
139800 0.0698753 2.87185
139900 0.0699253 2.8925
140000 0.0699753 2.90786
140100 0.0700253 2.91639
140200 0.0700753 2.91083
140300 0.0701253 2.93079
140400 0.0701753 2.90723
140500 0.0702253 2.93839
140600 0.0702753 2.91934
140700 0.0703253 2.93746
140800 0.0703753 2.91491
140900 0.0704253 2.89131
141000 0.0704753 2.87879
141100 0.0705253 2.88605
141200 0.0705753 2.91995
141300 0.0706253 2.92396
141400 0.0706753 2.92782
141500 0.0707253 2.95119
141600 0.0707753 2.94438
141700 0.0708253 2.94667
141800 0.0708753 2.94951
141900 0.0709253 2.97146
142000 0.0709753 2.98575
142100 0.0710253 2.95116
142200 0.0710752 2.93422
142300 0.0711253 2.92185
142400 0.0711753 2.92084
142500 0.0712253 2.91515
142600 0.0712753 2.90756
142700 0.0713253 2.91865
142800 0.0713753 2.94251
142900 0.0714253 2.94016
143000 0.0714753 2.95143
143100 0.0715253 2.98386
143200 0.0715753 2.98064
143300 0.0716253 2.99304
143400 0.0716753 3.00391
143500 0.0717253 2.98733
143600 0.0717753 2.99282
143700 0.0718253 2.96636
143800 0.0718753 2.96805
143900 0.0719253 2.97196
144000 0.0719753 2.95914
144100 0.0720253 2.93578
144200 0.0720753 2.93426
144300 0.0721253 2.96641
144400 0.0721753 2.9632
144500 0.0722253 2.96732
144600 0.0722753 2.99182
144700 0.0723253 3.01947
144800 0.0723753 3.02115
144900 0.0724252 3.00789
145000 0.0724753 3.01875
145100 0.0725253 3.02674
145200 0.0725753 3.03702
145300 0.0726253 3.01615
145400 0.0726753 2.99133
145500 0.0727253 2.98566
145600 0.0727753 2.97978
145700 0.0728253 2.97101
145800 0.0728753 2.98443
145900 0.0729253 2.98994
146000 0.0729753 3.03886
146100 0.0730253 3.01296
146200 0.0730753 3.01198
146300 0.0731253 3.02522
146400 0.0731753 3.03252
146500 0.0732253 3.05418
146600 0.0732753 3.05358
146700 0.0733253 3.0426
146800 0.0733753 3.03506
146900 0.0734253 3.01277
147000 0.0734753 3.01575
147100 0.0735253 3.00846
147200 0.0735753 3.01647
147300 0.0736253 3.02478
147400 0.0736753 3.02102
147500 0.0737253 3.0272
147600 0.0737753 3.05392
147700 0.0738253 3.04915
147800 0.0738753 3.06957
147900 0.0739253 3.11254
148000 0.0739753 3.08921
148100 0.0740253 3.07549
148200 0.0740753 3.07221
148300 0.0741253 3.07535
148400 0.0741753 3.07145
148500 0.0742253 3.06244
148600 0.0742753 3.04685
148700 0.0743253 3.04655
148800 0.0743753 3.03891
148900 0.0744253 3.04644
149000 0.0744753 3.04264
149100 0.0745253 3.08948
149200 0.0745753 3.09356
149300 0.0746253 3.0909
149400 0.0746753 3.07237
149500 0.0747253 3.0935
149600 0.0747753 3.11871
149700 0.0748253 3.10571
149800 0.0748753 3.11054
149900 0.0749253 3.09874
150000 0.0749753 3.10084
150100 0.0750253 3.08632
150200 0.0750753 3.06448
150300 0.0751253 3.08584
150400 0.0751753 3.07224
150500 0.0752253 3.08488
150600 0.0752753 3.07299
150700 0.0753253 3.09836
150800 0.0753753 3.11631
150900 0.0754253 3.14163
151000 0.0754753 3.12958
151100 0.0755253 3.14516
151200 0.0755753 3.16512
151300 0.0756253 3.15005
151400 0.0756753 3.14682
151500 0.0757253 3.14697
151600 0.0757753 3.11024
151700 0.0758253 3.11587
151800 0.0758753 3.0826
151900 0.0759253 3.12101
152000 0.0759753 3.09836
152100 0.0760253 3.10408
152200 0.0760753 3.10933
152300 0.0761253 3.10598
152400 0.0761752 3.14473
152500 0.0762253 3.15819
152600 0.0762753 3.17224
152700 0.0763253 3.17063
152800 0.0763753 3.17691
152900 0.0764253 3.17166
153000 0.0764753 3.16342
153100 0.0765253 3.15901
153200 0.0765753 3.14822
153300 0.0766253 3.15919
153400 0.0766753 3.15422
153500 0.0767253 3.11867
153600 0.0767753 3.12852
153700 0.0768253 3.12349
153800 0.0768753 3.16109
153900 0.0769253 3.16273
154000 0.0769753 3.19893
154100 0.0770253 3.19229
154200 0.0770753 3.18298
154300 0.0771253 3.19575
154400 0.0771753 3.18066
154500 0.0772253 3.1712
154600 0.0772753 3.21817
154700 0.0773253 3.21947
154800 0.0773753 3.17646
154900 0.0774253 3.18187
155000 0.0774753 3.18756
155100 0.0775253 3.16496
155200 0.0775753 3.18465
155300 0.0776253 3.20243
155400 0.0776753 3.20183
155500 0.0777253 3.21267
155600 0.0777753 3.18623
155700 0.0778253 3.18502
155800 0.0778753 3.22104
155900 0.0779253 3.2437
156000 0.0779753 3.23447
156100 0.0780253 3.20603
156200 0.0780753 3.19289
156300 0.0781253 3.20889
156400 0.0781753 3.22243
156500 0.0782253 3.21686
156600 0.0782753 3.20485
156700 0.0783253 3.23744
156800 0.0783753 3.22134
156900 0.0784253 3.2295
157000 0.0784753 3.23615
157100 0.0785253 3.25151
157200 0.0785753 3.26744
157300 0.0786253 3.23716
157400 0.0786753 3.24838
157500 0.0787253 3.25075
157600 0.0787753 3.26654
157700 0.0788253 3.24033
157800 0.0788753 3.23871
157900 0.0789253 3.2395
158000 0.0789753 3.25988
158100 0.0790253 3.24341
158200 0.0790753 3.23406
158300 0.0791253 3.23055
158400 0.0791753 3.2444
158500 0.0792253 3.25529
158600 0.0792753 3.25853
158700 0.0793253 3.27155
158800 0.0793753 3.29465
158900 0.0794253 3.28209
159000 0.0794753 3.31541
159100 0.0795253 3.27576
159200 0.0795753 3.306
159300 0.0796253 3.27501
159400 0.0796753 3.27395
159500 0.0797253 3.27601
159600 0.0797753 3.29131
159700 0.0798253 3.27297
159800 0.0798753 3.27073
159900 0.0799253 3.28108
160000 0.0799753 3.31455
160100 0.0800253 3.31156
160200 0.0800753 3.30838
160300 0.0801253 3.31951
160400 0.0801753 3.29396
160500 0.0802253 3.32062
160600 0.0802753 3.30667
160700 0.0803253 3.31344
160800 0.0803753 3.33138
160900 0.0804253 3.32726
161000 0.0804753 3.3003
161100 0.0805253 3.29789
161200 0.0805753 3.34054
161300 0.0806253 3.33746
161400 0.0806753 3.33283
161500 0.0807253 3.30873
161600 0.0807753 3.31124
161700 0.0808253 3.31397
161800 0.0808753 3.30536
161900 0.0809253 3.30774
162000 0.0809753 3.33206
162100 0.0810252 3.3337
162200 0.0810753 3.30746
162300 0.0811253 3.29783
162400 0.0811753 3.32033
162500 0.0812253 3.34394
162600 0.0812753 3.35305
162700 0.0813253 3.33707
162800 0.0813753 3.32826
162900 0.0814253 3.33124
163000 0.0814753 3.31538
163100 0.0815253 3.34955
163200 0.0815753 3.38503
163300 0.0816253 3.38477
163400 0.0816753 3.36048
163500 0.0817252 3.38109
163600 0.0817753 3.34245
163700 0.0818253 3.38026
163800 0.0818753 3.353
163900 0.0819253 3.34665
164000 0.0819753 3.36672
164100 0.0820253 3.36692
164200 0.0820753 3.34862
164300 0.0821253 3.34668
164400 0.0821753 3.36407
164500 0.0822253 3.36203
164600 0.0822753 3.367
164700 0.0823253 3.39802
164800 0.0823752 3.39166
164900 0.0824253 3.3941
165000 0.0824753 3.43354
165100 0.0825253 3.39623
165200 0.0825753 3.4036
165300 0.0826253 3.40642
165400 0.0826753 3.40891
165500 0.0827253 3.39811
165600 0.0827753 3.37572
165700 0.0828253 3.38478
165800 0.0828753 3.39335
165900 0.0829253 3.41334
166000 0.0829753 3.41176
166100 0.0830253 3.40477
166200 0.0830753 3.42741
166300 0.0831253 3.4201
166400 0.0831753 3.43414
166500 0.0832253 3.41991
166600 0.0832753 3.43538
166700 0.0833253 3.43219
166800 0.0833753 3.4422
166900 0.0834253 3.43211
167000 0.0834753 3.43569
167100 0.0835253 3.42246
167200 0.0835753 3.43007
167300 0.0836253 3.42362
167400 0.0836753 3.43535
167500 0.0837253 3.46011
167600 0.0837753 3.42898
167700 0.0838252 3.43146
167800 0.0838753 3.45663
167900 0.0839253 3.47021
168000 0.0839753 3.48971
168100 0.0840253 3.4713
168200 0.0840753 3.46272
168300 0.0841253 3.45502
168400 0.0841753 3.46574
168500 0.0842253 3.46956
168600 0.0842753 3.48449
168700 0.0843253 3.45792
168800 0.0843753 3.46113
168900 0.0844253 3.41561
169000 0.0844753 3.41571
169100 0.0845253 3.44236
169200 0.0845753 3.47649
169300 0.0846253 3.48267
169400 0.0846753 3.49063
169500 0.0847253 3.46961
169600 0.0847753 3.49345
169700 0.0848253 3.51614
169800 0.0848753 3.54013
169900 0.0849253 3.52755
170000 0.0849753 3.50916
170100 0.0850253 3.49722
170200 0.0850753 3.46213
170300 0.0851253 3.45908
170400 0.0851753 3.48773
170500 0.0852253 3.48075
170600 0.0852753 3.50443
170700 0.0853252 3.48355
170800 0.0853753 3.48859
170900 0.0854253 3.50457
171000 0.0854753 3.53026
171100 0.0855253 3.54088
171200 0.0855753 3.5504
171300 0.0856253 3.5693
171400 0.0856753 3.54379
171500 0.0857253 3.53182
171600 0.0857753 3.56166
171700 0.0858253 3.51338
171800 0.0858753 3.52872
171900 0.0859253 3.53504
172000 0.0859753 3.53195
172100 0.0860253 3.52836
172200 0.0860753 3.53192
172300 0.0861253 3.51857
172400 0.0861753 3.52655
172500 0.0862253 3.54971
172600 0.0862753 3.55914
172700 0.0863253 3.56226
172800 0.0863753 3.5861
172900 0.0864253 3.5573
173000 0.0864753 3.55771
173100 0.0865253 3.56574
173200 0.0865753 3.58103
173300 0.0866253 3.57797
173400 0.0866753 3.55126
173500 0.0867253 3.5852
173600 0.0867753 3.5552
173700 0.0868253 3.5342
173800 0.0868753 3.5565
173900 0.0869253 3.57042
174000 0.0869753 3.5643
174100 0.0870253 3.59994
174200 0.0870753 3.58825
174300 0.0871253 3.56736
174400 0.0871753 3.60145
174500 0.0872253 3.60147
174600 0.0872753 3.63659
174700 0.0873253 3.6144
174800 0.0873753 3.59625
174900 0.0874253 3.58856
175000 0.0874753 3.56696
175100 0.0875253 3.58725
175200 0.0875753 3.59944
175300 0.0876253 3.6013
175400 0.0876753 3.59772
175500 0.0877253 3.5903
175600 0.0877753 3.58383
175700 0.0878253 3.59457
175800 0.0878753 3.61053
175900 0.0879253 3.64517
176000 0.0879753 3.65718
176100 0.0880253 3.63222
176200 0.0880753 3.63537
176300 0.0881253 3.6493
176400 0.0881752 3.64011
176500 0.0882253 3.65697
176600 0.0882753 3.64342
176700 0.0883253 3.63039
176800 0.0883753 3.62803
176900 0.0884252 3.634
177000 0.0884753 3.60245
177100 0.0885253 3.61862
177200 0.0885753 3.62755
177300 0.0886253 3.65446
177400 0.0886753 3.66249
177500 0.0887253 3.68078
177600 0.0887753 3.68167
177700 0.0888253 3.67077
177800 0.0888753 3.68293
177900 0.0889253 3.67667
178000 0.0889753 3.66531
178100 0.0890253 3.65522
178200 0.0890753 3.6381
178300 0.0891253 3.62769
178400 0.0891753 3.61643
178500 0.0892253 3.63612
178600 0.0892753 3.65943
178700 0.0893253 3.64187
178800 0.0893753 3.65575
178900 0.0894253 3.6788
179000 0.0894753 3.71111
179100 0.0895253 3.70598
179200 0.0895753 3.69674
179300 0.0896253 3.72967
179400 0.0896753 3.7369
179500 0.0897253 3.73092
179600 0.0897753 3.72088
179700 0.0898253 3.72191
179800 0.0898753 3.69555
179900 0.0899253 3.6899
180000 0.0899753 3.6601
180100 0.0900253 3.67321
180200 0.0900753 3.70067
180300 0.0901253 3.72943
180400 0.0901753 3.70479
180500 0.0902253 3.69994
180600 0.0902753 3.71748
180700 0.0903253 3.7282
180800 0.0903753 3.77663
180900 0.0904253 3.77086
181000 0.0904753 3.77241
181100 0.0905253 3.75797
181200 0.0905753 3.71482
181300 0.0906253 3.71027
181400 0.0906753 3.7207
181500 0.0907253 3.7536
181600 0.0907753 3.72219
181700 0.0908253 3.69469
181800 0.0908753 3.70523
181900 0.0909252 3.70061
182000 0.0909753 3.72948
182100 0.0910253 3.76741
182200 0.0910753 3.79064
182300 0.0911253 3.81169
182400 0.0911753 3.78457
182500 0.0912253 3.75167
182600 0.0912753 3.77164
182700 0.0913253 3.7945
182800 0.0913753 3.80713
182900 0.0914253 3.74814
183000 0.0914753 3.74943
183100 0.0915253 3.74879
183200 0.0915753 3.75754
183300 0.0916253 3.7407
183400 0.0916753 3.72495
183500 0.0917253 3.76101
183600 0.0917753 3.79446
183700 0.0918253 3.78813
183800 0.0918753 3.79252
183900 0.0919253 3.79825
184000 0.0919753 3.82219
184100 0.0920253 3.81513
184200 0.0920753 3.81692
184300 0.0921252 3.85252
184400 0.0921753 3.83481
184500 0.0922253 3.80568
184600 0.0922753 3.75194
184700 0.0923253 3.77213
184800 0.0923753 3.79288
184900 0.0924253 3.80555
185000 0.0924753 3.77947
185100 0.0925253 3.78208
185200 0.0925753 3.81567
185300 0.0926253 3.83407
185400 0.0926753 3.82688
185500 0.0927252 3.85445
185600 0.0927753 3.89623
185700 0.0928253 3.87373
185800 0.0928753 3.84139
185900 0.0929253 3.81936
186000 0.0929753 3.84249
186100 0.0930253 3.84136
186200 0.0930753 3.83252
186300 0.0931253 3.78022
186400 0.0931753 3.80446
186500 0.0932253 3.81648
186600 0.0932753 3.82267
186700 0.0933253 3.85113
186800 0.0933753 3.85556
186900 0.0934253 3.8615
187000 0.0934753 3.89076
187100 0.0935253 3.88831
187200 0.0935753 3.8836
187300 0.0936252 3.85425
187400 0.0936753 3.85507
187500 0.0937253 3.87736
187600 0.0937753 3.89628
187700 0.0938253 3.86302
187800 0.0938753 3.83155
187900 0.0939253 3.84739
188000 0.0939753 3.87633
188100 0.0940253 3.87803
188200 0.0940753 3.85537
188300 0.0941253 3.86306
188400 0.0941753 3.86275
188500 0.0942253 3.89638
188600 0.0942753 3.89796
188700 0.0943253 3.91612
188800 0.0943753 3.91851
188900 0.0944253 3.90221
189000 0.0944753 3.88615
189100 0.0945253 3.88213
189200 0.0945753 3.88697
189300 0.0946253 3.90415
189400 0.0946753 3.86141
189500 0.0947253 3.87976
189600 0.0947753 3.8942
189700 0.0948253 3.88468
189800 0.0948753 3.91415
189900 0.0949253 3.88398
190000 0.0949753 3.90143
190100 0.0950253 3.93973
190200 0.0950753 3.91354
190300 0.0951253 3.9342
190400 0.0951753 3.93394
190500 0.0952253 3.95654
190600 0.0952753 3.93906
190700 0.0953253 3.91626
190800 0.0953753 3.92534
190900 0.0954253 3.91768
191000 0.0954753 3.93807
191100 0.0955253 3.92174
191200 0.0955753 3.92544
191300 0.0956253 3.95293
191400 0.0956753 3.92741
191500 0.0957252 3.93846
191600 0.0957753 3.93836
191700 0.0958253 3.96821
191800 0.0958753 3.9647
191900 0.0959253 3.9731
192000 0.0959753 3.9597
192100 0.0960253 3.95302
192200 0.0960753 3.94835
192300 0.0961253 3.93539
192400 0.0961753 3.95621
192500 0.0962253 3.9621
192600 0.0962753 3.96257
192700 0.0963253 3.9591
192800 0.0963753 3.94454
192900 0.0964253 3.96393
193000 0.0964753 3.97616
193100 0.0965253 3.99499
193200 0.0965753 3.99998
193300 0.0966253 4.02248
193400 0.0966753 4.00488
193500 0.0967253 3.98061
193600 0.0967753 4.00094
193700 0.0968253 4.00576
193800 0.0968753 4.02664
193900 0.0969253 3.97624
194000 0.0969753 3.97827
194100 0.0970253 3.97496
194200 0.0970753 3.98776
194300 0.0971253 3.99528
194400 0.0971753 4.00249
194500 0.0972253 4.01554
194600 0.0972753 4.03259
194700 0.0973253 4.01893
194800 0.0973753 4.00728
194900 0.0974253 4.00628
195000 0.0974753 4.03204
195100 0.0975253 4.03456
195200 0.0975753 4.04189
195300 0.0976253 4.0398
195400 0.0976753 4.06699
195500 0.0977253 4.03333
195600 0.0977753 4.01727
195700 0.0978253 4.01356
195800 0.0978753 4.03741
195900 0.0979253 4.00607
196000 0.0979753 4.02485
196100 0.0980253 4.03192
196200 0.0980753 4.03746
196300 0.0981253 4.05725
196400 0.0981753 4.04969
196500 0.0982253 4.04514
196600 0.0982753 4.05714
196700 0.0983253 4.07904
196800 0.0983753 4.0747
196900 0.0984253 4.09533
197000 0.0984753 4.05967
197100 0.0985253 4.0334
197200 0.0985753 4.05758
197300 0.0986253 4.06265
197400 0.0986753 4.04501
197500 0.0987253 4.03546
197600 0.0987753 4.04444
197700 0.0988253 4.06898
197800 0.0988753 4.10268
197900 0.0989253 4.07289
198000 0.0989753 4.09148
198100 0.0990253 4.07956
198200 0.0990753 4.08882
198300 0.0991253 4.1189
198400 0.0991753 4.07847
198500 0.0992253 4.11045
198600 0.0992753 4.11323
198700 0.0993253 4.10175
198800 0.0993753 4.07385
198900 0.0994253 4.06984
199000 0.0994753 4.08419
199100 0.0995253 4.084
199200 0.0995753 4.09615
199300 0.0996253 4.09425
199400 0.0996753 4.10323
199500 0.0997253 4.13079
199600 0.0997753 4.08734
199700 0.0998253 4.09904
199800 0.0998753 4.11678
199900 0.0999252 4.12739
200000 0.0999753 4.12395
200100 0.100025 4.13771
200200 0.100075 4.12072
200300 0.100125 4.13453
200400 0.100175 4.13776
200500 0.100225 4.12459
200600 0.100275 4.13801
200700 0.100325 4.12645
200800 0.100375 4.11893
200900 0.100425 4.11973
201000 0.100475 4.15073
201100 0.100525 4.14316
201200 0.100575 4.14855
201300 0.100625 4.14826
201400 0.100675 4.15654
201500 0.100725 4.18272
201600 0.100775 4.14181
201700 0.100825 4.13415
201800 0.100875 4.13333
201900 0.100925 4.1322
202000 0.100975 4.1491
202100 0.101025 4.14619
202200 0.101075 4.1518
202300 0.101125 4.1519
202400 0.101175 4.12157
202500 0.101225 4.14781
202600 0.101275 4.17434
202700 0.101325 4.21419
202800 0.101375 4.19879
202900 0.101425 4.16145
203000 0.101475 4.1809
203100 0.101525 4.18183
203200 0.101575 4.17997
203300 0.101625 4.17734
203400 0.101675 4.1902
203500 0.101725 4.1915
203600 0.101775 4.17186
203700 0.101825 4.17586
203800 0.101875 4.17123
203900 0.101925 4.2179
204000 0.101975 4.19071
204100 0.102025 4.1575
204200 0.102075 4.17047
204300 0.102125 4.20652
204400 0.102175 4.20897
204500 0.102225 4.21069
204600 0.102275 4.20911
204700 0.102325 4.20541
204800 0.102375 4.21833
204900 0.102425 4.20491
205000 0.102475 4.19698
205100 0.102525 4.2251
205200 0.102575 4.21059
205300 0.102625 4.22331
205400 0.102675 4.22092
205500 0.102725 4.20199
205600 0.102775 4.21222
205700 0.102825 4.22901
205800 0.102875 4.20859
205900 0.102925 4.23697
206000 0.102975 4.23321
206100 0.103025 4.22688
206200 0.103075 4.24221
206300 0.103125 4.23934
206400 0.103175 4.25031
206500 0.103225 4.23959
206600 0.103275 4.24974
206700 0.103325 4.2458
206800 0.103375 4.27009
206900 0.103425 4.24692
207000 0.103475 4.25116
207100 0.103525 4.25094
207200 0.103575 4.2707
207300 0.103625 4.28876
207400 0.103675 4.27516
207500 0.103725 4.25274
207600 0.103775 4.2551
207700 0.103825 4.2681
207800 0.103875 4.26084
207900 0.103925 4.25227
208000 0.103975 4.26302
208100 0.104025 4.30873
208200 0.104075 4.27505
208300 0.104125 4.29897
208400 0.104175 4.2502
208500 0.104225 4.2944
208600 0.104275 4.28467
208700 0.104325 4.28379
208800 0.104375 4.29061
208900 0.104425 4.31938
209000 0.104475 4.30267
209100 0.104525 4.29103
209200 0.104575 4.28114
209300 0.104625 4.31197
209400 0.104675 4.29905
209500 0.104725 4.32267
209600 0.104775 4.27629
209700 0.104825 4.28161
209800 0.104875 4.28379
209900 0.104925 4.28776
210000 0.104975 4.30083
210100 0.105025 4.34193
210200 0.105075 4.31975
210300 0.105125 4.27799
210400 0.105175 4.28946
210500 0.105225 4.31126
210600 0.105275 4.33057
210700 0.105325 4.38939
210800 0.105375 4.35216
210900 0.105425 4.37167
211000 0.105475 4.36385
211100 0.105525 4.32941
211200 0.105575 4.3267
211300 0.105625 4.33977
211400 0.105675 4.35831
211500 0.105725 4.37122
211600 0.105775 4.35881
211700 0.105825 4.31481
211800 0.105875 4.32991
211900 0.105925 4.32594
212000 0.105975 4.31858
212100 0.106025 4.33959
212200 0.106075 4.38023
212300 0.106125 4.37531
212400 0.106175 4.36674
212500 0.106225 4.38163
212600 0.106275 4.37832
212700 0.106325 4.38768
212800 0.106375 4.36921
212900 0.106425 4.3616
213000 0.106475 4.368
213100 0.106525 4.35721
213200 0.106575 4.36438
213300 0.106625 4.3718
213400 0.106675 4.37272
213500 0.106725 4.38281
213600 0.106775 4.37604
213700 0.106825 4.37654
213800 0.106875 4.37666
213900 0.106925 4.43203
214000 0.106975 4.44612
214100 0.107025 4.43256
214200 0.107075 4.4435
214300 0.107125 4.43258
214400 0.107175 4.37611
214500 0.107225 4.36764
214600 0.107275 4.41203
214700 0.107325 4.40799
214800 0.107375 4.41614
214900 0.107425 4.40637
215000 0.107475 4.39726
215100 0.107525 4.41733
215200 0.107575 4.41102
215300 0.107625 4.43492
215400 0.107675 4.42215
215500 0.107725 4.42636
215600 0.107775 4.42371
215700 0.107825 4.43047
215800 0.107875 4.42478
215900 0.107925 4.41338
216000 0.107975 4.42266
216100 0.108025 4.41484
216200 0.108075 4.42154
216300 0.108125 4.43907
216400 0.108175 4.43936
216500 0.108225 4.42251
216600 0.108275 4.42941
216700 0.108325 4.42222
216800 0.108375 4.45407
216900 0.108425 4.46684
217000 0.108475 4.46322
217100 0.108525 4.47732
217200 0.108575 4.46486
217300 0.108625 4.50415
217400 0.108675 4.49706
217500 0.108725 4.51654
217600 0.108775 4.47545
217700 0.108825 4.47601
217800 0.108875 4.45866
217900 0.108925 4.4445
218000 0.108975 4.47959
218100 0.109025 4.45756
218200 0.109075 4.46522
218300 0.109125 4.43822
218400 0.109175 4.45122
218500 0.109225 4.44798
218600 0.109275 4.47049
218700 0.109325 4.49423
218800 0.109375 4.49004
218900 0.109425 4.48859
219000 0.109475 4.54034
219100 0.109525 4.50269
219200 0.109575 4.49455
219300 0.109625 4.49121
219400 0.109675 4.51212
219500 0.109725 4.54637
219600 0.109775 4.50968
219700 0.109825 4.52116
219800 0.109875 4.48975
219900 0.109925 4.47683
220000 0.109975 4.51414
220100 0.110025 4.52787
220200 0.110075 4.54568
220300 0.110125 4.55043
220400 0.110175 4.54619
220500 0.110225 4.55747
220600 0.110275 4.55481
220700 0.110325 4.55921
220800 0.110375 4.56938
220900 0.110425 4.53499
221000 0.110475 4.53378
221100 0.110525 4.52824
221200 0.110575 4.54334
221300 0.110625 4.53914
221400 0.110675 4.55652
221500 0.110725 4.57011
221600 0.110775 4.54443
221700 0.110825 4.56664
221800 0.110875 4.57372
221900 0.110925 4.59534
222000 0.110975 4.58789
222100 0.111025 4.58261
222200 0.111075 4.5512
222300 0.111125 4.58434
222400 0.111175 4.5708
222500 0.111225 4.5633
222600 0.111275 4.56129
222700 0.111325 4.6088
222800 0.111375 4.55625
222900 0.111425 4.57484
223000 0.111475 4.56308
223100 0.111525 4.58496
223200 0.111575 4.58363
223300 0.111625 4.59009
223400 0.111675 4.60663
223500 0.111725 4.61833
223600 0.111775 4.63637
223700 0.111825 4.63532
223800 0.111875 4.61847
223900 0.111925 4.65038
224000 0.111975 4.62132
224100 0.112025 4.59034
224200 0.112075 4.57128
224300 0.112125 4.56886
224400 0.112175 4.59229
224500 0.112225 4.5919
224600 0.112275 4.61352
224700 0.112325 4.59058
224800 0.112375 4.63706
224900 0.112425 4.64405
225000 0.112475 4.62384
225100 0.112525 4.66112
225200 0.112575 4.69384
225300 0.112625 4.6834
225400 0.112675 4.65712
225500 0.112725 4.63898
225600 0.112775 4.63456
225700 0.112825 4.62409
225800 0.112875 4.62746
225900 0.112925 4.62597
226000 0.112975 4.61807
226100 0.113025 4.63649
226200 0.113075 4.63925
226300 0.113125 4.63591
226400 0.113175 4.6641
226500 0.113225 4.68036
226600 0.113275 4.68724
226700 0.113325 4.67181
226800 0.113375 4.71328
226900 0.113425 4.68942
227000 0.113475 4.68025
227100 0.113525 4.69123
227200 0.113575 4.69796
227300 0.113625 4.73036
227400 0.113675 4.67732
227500 0.113725 4.65515
227600 0.113775 4.64826
227700 0.113825 4.68482
227800 0.113875 4.67924
227900 0.113925 4.71098
228000 0.113975 4.74125
228100 0.114025 4.7001
228200 0.114075 4.70863
228300 0.114125 4.71942
228400 0.114175 4.74118
228500 0.114225 4.76905
228600 0.114275 4.77071
228700 0.114325 4.73733
228800 0.114375 4.69573
228900 0.114425 4.65052
229000 0.114475 4.66465
229100 0.114525 4.69441
229200 0.114575 4.75401
229300 0.114625 4.73014
229400 0.114675 4.73633
229500 0.114725 4.74108
229600 0.114775 4.69604
229700 0.114825 4.71826
229800 0.114875 4.75017
229900 0.114925 4.7684
230000 0.114975 4.76681
230100 0.115025 4.78046
230200 0.115075 4.76241
230300 0.115125 4.77794
230400 0.115175 4.80111
230500 0.115225 4.76998
230600 0.115275 4.7458
230700 0.115325 4.72355
230800 0.115375 4.70419
230900 0.115425 4.71766
231000 0.115475 4.72402
231100 0.115525 4.77617
231200 0.115575 4.80623
231300 0.115625 4.80608
231400 0.115675 4.77623
231500 0.115725 4.77444
231600 0.115775 4.79716
231700 0.115825 4.8079
231800 0.115875 4.80449
231900 0.115925 4.81009
232000 0.115975 4.76991
232100 0.116025 4.72396
232200 0.116075 4.74376
232300 0.116125 4.76956
232400 0.116175 4.73999
232500 0.116225 4.81333
232600 0.116275 4.78943
232700 0.116325 4.80263
232800 0.116375 4.78557
232900 0.116425 4.78145
233000 0.116475 4.80072
233100 0.116525 4.84974
233200 0.116575 4.84301
233300 0.116625 4.83933
233400 0.116675 4.84017
233500 0.116725 4.8178
233600 0.116775 4.80162
233700 0.116825 4.82177
233800 0.116875 4.8432
233900 0.116925 4.83632
234000 0.116975 4.83991
234100 0.117025 4.78
234200 0.117075 4.80127
234300 0.117125 4.81646
234400 0.117175 4.82359
234500 0.117225 4.86324
234600 0.117275 4.85845
234700 0.117325 4.86894
234800 0.117375 4.84498
234900 0.117425 4.84674
235000 0.117475 4.86825
235100 0.117525 4.85196
235200 0.117575 4.85565
235300 0.117625 4.82543
235400 0.117675 4.80155
235500 0.117725 4.82109
235600 0.117775 4.81562
235700 0.117825 4.85359
235800 0.117875 4.86041
235900 0.117925 4.88163
236000 0.117975 4.89938
236100 0.118025 4.93185
236200 0.118075 4.90235
236300 0.118125 4.91989
236400 0.118175 4.92102
236500 0.118225 4.92608
236600 0.118275 4.90462
236700 0.118325 4.89026
236800 0.118375 4.87872
236900 0.118425 4.86831
237000 0.118475 4.88586
237100 0.118525 4.82913
237200 0.118575 4.86972
237300 0.118625 4.90077
237400 0.118675 4.91776
237500 0.118725 4.89655
237600 0.118775 4.89077
237700 0.118825 4.91884
237800 0.118875 4.93402
237900 0.118925 4.93872
238000 0.118975 4.9293
238100 0.119025 4.94927
238200 0.119075 4.94144
238300 0.119125 4.9097
238400 0.119175 4.89057
238500 0.119225 4.88685
238600 0.119275 4.92478
238700 0.119325 4.89025
238800 0.119375 4.8994
238900 0.119425 4.94649
239000 0.119475 4.92039
239100 0.119525 4.94766
239200 0.119575 4.9262
239300 0.119625 4.95508
239400 0.119675 4.98794
239500 0.119725 4.95805
239600 0.119775 4.98076
239700 0.119825 4.97415
239800 0.119875 4.96911
239900 0.119925 4.94377
240000 0.119975 4.94684
240100 0.120025 4.97183
240200 0.120075 4.97165
240300 0.120125 4.94698
240400 0.120175 4.93616
240500 0.120225 4.93495
240600 0.120275 4.97089
240700 0.120325 4.95444
240800 0.120375 4.95711
240900 0.120425 4.98601
241000 0.120475 5.00171
241100 0.120525 5.01244
241200 0.120575 5.00564
241300 0.120625 4.9961
241400 0.120675 5.00837
241500 0.120725 5.01095
241600 0.120775 5.0235
241700 0.120825 5.00762
241800 0.120875 5.00546
241900 0.120925 4.97785
242000 0.120975 4.97322
242100 0.121025 4.98307
242200 0.121075 4.99261
242300 0.121125 5.01603
242400 0.121175 5.0149
242500 0.121225 5.03074
242600 0.121275 5.02036
242700 0.121325 5.01898
242800 0.121375 5.02726
242900 0.121425 5.04182
243000 0.121475 5.02314
243100 0.121525 5.02689
243200 0.121575 5.04388
243300 0.121625 5.02964
243400 0.121675 5.00247
243500 0.121725 4.99658
243600 0.121775 5.00534
243700 0.121825 5.03699
243800 0.121875 5.04326
243900 0.121925 5.03232
244000 0.121975 5.03098
244100 0.122025 5.06781
244200 0.122075 5.0434
244300 0.122125 5.05658
244400 0.122175 5.0877
244500 0.122225 5.09118
244600 0.122275 5.09183
244700 0.122325 5.04037
244800 0.122375 5.05473
244900 0.122425 5.04217
245000 0.122475 5.04573
245100 0.122525 5.02513
245200 0.122575 5.0349
245300 0.122625 5.05907
245400 0.122675 5.06808
245500 0.122725 5.03754
245600 0.122775 5.03252
245700 0.122825 5.06885
245800 0.122875 5.09844
245900 0.122925 5.12003
246000 0.122975 5.11462
246100 0.123025 5.11463
246200 0.123075 5.09091
246300 0.123125 5.12502
246400 0.123175 5.10745
246500 0.123225 5.105
246600 0.123275 5.11404
246700 0.123325 5.08661
246800 0.123375 5.06375
246900 0.123425 5.05696
247000 0.123475 5.06699
247100 0.123525 5.08344
247200 0.123575 5.08885
247300 0.123625 5.13922
247400 0.123675 5.15515
247500 0.123725 5.09638
247600 0.123775 5.12768
247700 0.123825 5.11957
247800 0.123875 5.15468
247900 0.123925 5.13745
248000 0.123975 5.13696
248100 0.124025 5.12628
248200 0.124075 5.15126
248300 0.124125 5.11196
248400 0.124175 5.07265
248500 0.124225 5.11782
248600 0.124275 5.13091
248700 0.124325 5.08884
248800 0.124375 5.11325
248900 0.124425 5.13993
249000 0.124475 5.16845
249100 0.124525 5.18065
249200 0.124575 5.21198
249300 0.124625 5.19036
249400 0.124675 5.2167
249500 0.124725 5.19387
249600 0.124775 5.17089
249700 0.124825 5.15776
249800 0.124875 5.17227
249900 0.124925 5.15726
250000 0.124975 5.15719
250100 0.125025 5.17328
250200 0.125075 5.13552
250300 0.125125 5.14512
250400 0.125175 5.17196
250500 0.125225 5.19408
250600 0.125275 5.19202
250700 0.125325 5.20168
250800 0.125375 5.18722
250900 0.125425 5.19834
251000 0.125475 5.18119
251100 0.125525 5.1721
251200 0.125575 5.20633
251300 0.125625 5.2001
251400 0.125675 5.18644
251500 0.125725 5.16394
251600 0.125775 5.1714
251700 0.125825 5.15388
251800 0.125875 5.16704
251900 0.125925 5.20469
252000 0.125975 5.21255
252100 0.126025 5.21171
252200 0.126075 5.22107
252300 0.126125 5.21707
252400 0.126175 5.239
252500 0.126225 5.21041
252600 0.126275 5.20471
252700 0.126325 5.23849
252800 0.126375 5.22258
252900 0.126425 5.21428
253000 0.126475 5.19473
253100 0.126525 5.19736
253200 0.126575 5.21355
253300 0.126625 5.21488
253400 0.126675 5.21891
253500 0.126725 5.19728
253600 0.126775 5.22845
253700 0.126825 5.24861
253800 0.126875 5.2377
253900 0.126925 5.24084
254000 0.126975 5.25761
254100 0.127025 5.28421
254200 0.127075 5.2907
254300 0.127125 5.2467
254400 0.127175 5.2298
254500 0.127225 5.23269
254600 0.127275 5.24734
254700 0.127325 5.25366
254800 0.127375 5.2813
254900 0.127425 5.23325
255000 0.127475 5.25983
255100 0.127525 5.24836
255200 0.127575 5.22932
255300 0.127625 5.2658
255400 0.127675 5.27737
255500 0.127725 5.24655
255600 0.127775 5.28302
255700 0.127825 5.30406
255800 0.127875 5.3054
255900 0.127925 5.27969
256000 0.127975 5.27001
256100 0.128025 5.27223
256200 0.128075 5.26915
256300 0.128125 5.26599
256400 0.128175 5.24657
256500 0.128225 5.23146
256600 0.128275 5.23624
256700 0.128325 5.2224
256800 0.128375 5.23763
256900 0.128425 5.27651
257000 0.128475 5.29832
257100 0.128525 5.29827
257200 0.128575 5.31656
257300 0.128625 5.32407
257400 0.128675 5.31809
257500 0.128725 5.33775
257600 0.128775 5.33867
257700 0.128825 5.31481
257800 0.128875 5.28898
257900 0.128925 5.30256
258000 0.128975 5.30329
258100 0.129025 5.2988
258200 0.129075 5.27738
258300 0.129125 5.28227
258400 0.129175 5.30852
258500 0.129225 5.33914
258600 0.129275 5.33922
258700 0.129325 5.33796
258800 0.129375 5.3041
258900 0.129425 5.30723
259000 0.129475 5.31183
259100 0.129525 5.30502
259200 0.129575 5.32032
259300 0.129625 5.30151
259400 0.129675 5.34766
259500 0.129725 5.31389
259600 0.129775 5.30917
259700 0.129825 5.3184
259800 0.129875 5.33098
259900 0.129925 5.33948
260000 0.129975 5.34263
260100 0.130025 5.37085
260200 0.130075 5.37333
260300 0.130125 5.36513
260400 0.130175 5.36586
260500 0.130225 5.36533
260600 0.130275 5.37379
260700 0.130325 5.36721
260800 0.130375 5.39739
260900 0.130425 5.3311
261000 0.130475 5.37899
261100 0.130525 5.3585
261200 0.130575 5.37577
261300 0.130625 5.38267
261400 0.130675 5.38695
261500 0.130725 5.36658
261600 0.130775 5.37809
261700 0.130825 5.38756
261800 0.130875 5.37944
261900 0.130925 5.39955
262000 0.130975 5.42712
262100 0.131025 5.42499
262200 0.131075 5.40759
262300 0.131125 5.41314
262400 0.131175 5.40066
262500 0.131225 5.40964
262600 0.131275 5.4262
262700 0.131325 5.40806
262800 0.131375 5.41401
262900 0.131425 5.41456
263000 0.131475 5.44039
263100 0.131525 5.41647
263200 0.131575 5.41589
263300 0.131625 5.43387
263400 0.131675 5.40593
263500 0.131725 5.42454
263600 0.131775 5.43321
263700 0.131825 5.41397
263800 0.131875 5.42112
263900 0.131925 5.44887
264000 0.131975 5.45519
264100 0.132025 5.42962
264200 0.132075 5.43822
264300 0.132125 5.42905
264400 0.132175 5.39941
264500 0.132225 5.45964
264600 0.132275 5.44723
264700 0.132325 5.42935
264800 0.132375 5.42022
264900 0.132425 5.47951
265000 0.132475 5.45511
265100 0.132525 5.50524
265200 0.132575 5.48747
265300 0.132625 5.50411
265400 0.132675 5.49476
265500 0.132725 5.48579
265600 0.132775 5.45705
265700 0.132825 5.50398
265800 0.132875 5.4938
265900 0.132925 5.50632
266000 0.132975 5.4781
266100 0.133025 5.49338
266200 0.133075 5.46409
266300 0.133125 5.46682
266400 0.133175 5.48277
266500 0.133225 5.4802
266600 0.133275 5.48743
266700 0.133325 5.47176
266800 0.133375 5.50085
266900 0.133425 5.4953
267000 0.133475 5.51092
267100 0.133525 5.51508
267200 0.133575 5.4821
267300 0.133625 5.50801
267400 0.133675 5.55611
267500 0.133725 5.51527
267600 0.133775 5.4928
267700 0.133825 5.48475
267800 0.133875 5.50637
267900 0.133925 5.47867
268000 0.133975 5.4712
268100 0.134025 5.47295
268200 0.134075 5.48501
268300 0.134125 5.51535
268400 0.134175 5.51775
268500 0.134225 5.53127
268600 0.134275 5.54766
268700 0.134325 5.54839
268800 0.134375 5.53153
268900 0.134425 5.52899
269000 0.134475 5.53062
269100 0.134525 5.52615
269200 0.134575 5.54165
269300 0.134625 5.53136
269400 0.134675 5.50832
269500 0.134725 5.51942
269600 0.134775 5.51316
269700 0.134825 5.51432
269800 0.134875 5.5377
269900 0.134925 5.54975
270000 0.134975 5.56257
270100 0.135025 5.55003
270200 0.135075 5.54011
270300 0.135125 5.53165
270400 0.135175 5.54729
270500 0.135225 5.54538
270600 0.135275 5.5573
270700 0.135325 5.57935
270800 0.135375 5.56754
270900 0.135425 5.58681
271000 0.135475 5.57272
271100 0.135525 5.58411
271200 0.135575 5.60008
271300 0.135625 5.62954
271400 0.135675 5.62544
271500 0.135725 5.60683
271600 0.135775 5.60339
271700 0.135825 5.61857
271800 0.135875 5.64743
271900 0.135925 5.65475
272000 0.135975 5.64761
272100 0.136025 5.63454
272200 0.136075 5.62763
272300 0.136125 5.62544
272400 0.136175 5.62058
272500 0.136225 5.59682
272600 0.136275 5.6115
272700 0.136325 5.62857
272800 0.136375 5.61107
272900 0.136425 5.58545
273000 0.136475 5.58479
273100 0.136525 5.61893
273200 0.136575 5.65797
273300 0.136625 5.66038
273400 0.136675 5.65932
273500 0.136725 5.65734
273600 0.136775 5.6321
273700 0.136825 5.61878
273800 0.136875 5.61762
273900 0.136925 5.63726
274000 0.136975 5.63114
274100 0.137025 5.66174
274200 0.137075 5.64882
274300 0.137125 5.63115
274400 0.137175 5.64077
274500 0.137225 5.64739
274600 0.137275 5.6519
274700 0.137325 5.67962
274800 0.137375 5.68508
274900 0.137425 5.66844
275000 0.137475 5.66925
275100 0.137525 5.6696
275200 0.137575 5.64763
275300 0.137625 5.6653
275400 0.137675 5.67122
275500 0.137725 5.68708
275600 0.137775 5.69572
275700 0.137825 5.68263
275800 0.137875 5.66078
275900 0.137925 5.6438
276000 0.137975 5.66989
276100 0.138025 5.68561
276200 0.138075 5.71292
276300 0.138125 5.689
276400 0.138175 5.69598
276500 0.138225 5.71112
276600 0.138275 5.68667
276700 0.138325 5.70138
276800 0.138375 5.75444
276900 0.138425 5.72114
277000 0.138475 5.72578
277100 0.138525 5.70809
277200 0.138575 5.71416
277300 0.138625 5.69017
277400 0.138675 5.70063
277500 0.138725 5.72039
277600 0.138775 5.74936
277700 0.138825 5.69501
277800 0.138875 5.6975
277900 0.138925 5.70904
278000 0.138975 5.7132
278100 0.139025 5.74619
278200 0.139075 5.74757
278300 0.139125 5.7328
278400 0.139175 5.73172
278500 0.139225 5.72219
278600 0.139275 5.73459
278700 0.139325 5.74061
278800 0.139375 5.75828
278900 0.139425 5.76534
279000 0.139475 5.78927
279100 0.139525 5.75121
279200 0.139575 5.73736
279300 0.139625 5.75198
279400 0.139675 5.73072
279500 0.139725 5.76466
279600 0.139775 5.75856
279700 0.139825 5.78997
279800 0.139875 5.79869
279900 0.139925 5.78314
280000 0.139975 5.78584
280100 0.140025 5.76298
280200 0.140075 5.76256
280300 0.140125 5.75086
280400 0.140175 5.75883
280500 0.140225 5.77399
280600 0.140275 5.77082
280700 0.140325 5.77948
280800 0.140375 5.77354
280900 0.140425 5.77411
281000 0.140475 5.79475
281100 0.140525 5.80267
281200 0.140575 5.81657
281300 0.140625 5.84609
281400 0.140675 5.82526
281500 0.140725 5.79838
281600 0.140775 5.7915
281700 0.140825 5.79831
281800 0.140875 5.8024
281900 0.140925 5.82355
282000 0.140975 5.81452
282100 0.141025 5.79023
282200 0.141075 5.76452
282300 0.141125 5.78001
282400 0.141175 5.79433
282500 0.141225 5.80794
282600 0.141275 5.82042
282700 0.141325 5.83516
282800 0.141375 5.82344
282900 0.141425 5.83881
283000 0.141475 5.86078
283100 0.141525 5.84754
283200 0.141575 5.86074
283300 0.141625 5.87189
283400 0.141675 5.85246
283500 0.141725 5.78503
283600 0.141775 5.79078
283700 0.141825 5.77003
283800 0.141875 5.85443
283900 0.141925 5.87933
284000 0.141975 5.84022
284100 0.142025 5.85824
284200 0.142075 5.8691
284300 0.142125 5.85276
284400 0.142175 5.8844
284500 0.142225 5.88692
284600 0.142275 5.90442
284700 0.142325 5.91595
284800 0.142375 5.89385
284900 0.142425 5.87516
285000 0.142475 5.88433
285100 0.142525 5.87136
285200 0.142575 5.84192
285300 0.142625 5.86922
285400 0.142675 5.89047
285500 0.142725 5.87257
285600 0.142775 5.87989
285700 0.142825 5.89498
285800 0.142875 5.89662
285900 0.142925 5.90936
286000 0.142975 5.92268
286100 0.143025 5.94205
286200 0.143075 5.91486
286300 0.143125 5.90574
286400 0.143175 5.92214
286500 0.143225 5.93402
286600 0.143275 5.94575
286700 0.143325 5.91904
286800 0.143375 5.89586
286900 0.143425 5.86547
287000 0.143475 5.86285
287100 0.143525 5.89359
287200 0.143575 5.89776
287300 0.143625 5.93402
287400 0.143675 5.94881
287500 0.143725 5.95827
287600 0.143775 5.96215
287700 0.143825 5.96794
287800 0.143875 5.95042
287900 0.143925 5.92165
288000 0.143975 5.93825
288100 0.144025 5.94929
288200 0.144075 5.93367
288300 0.144125 5.9421
288400 0.144175 5.92185
288500 0.144225 5.9383
288600 0.144275 5.92795
288700 0.144325 5.93054
288800 0.144375 5.94437
288900 0.144425 5.97225
289000 0.144475 5.9302
289100 0.144525 5.94288
289200 0.144575 5.97871
289300 0.144625 5.98074
289400 0.144675 5.96623
289500 0.144725 5.99894
289600 0.144775 5.99808
289700 0.144825 5.98921
289800 0.144875 5.97611
289900 0.144925 5.99113
290000 0.144975 5.96939
290100 0.145025 5.95928
290200 0.145075 5.92914
290300 0.145125 5.96717
290400 0.145175 5.96151
290500 0.145225 5.98736
290600 0.145275 6.03955
290700 0.145325 6.02438
290800 0.145375 6.00654
290900 0.145425 5.98823
291000 0.145475 6.0195
291100 0.145525 6.02709
291200 0.145575 6.00954
291300 0.145625 5.9947
291400 0.145675 6.01488
291500 0.145725 6.03112
291600 0.145775 6.01291
291700 0.145825 5.98363
291800 0.145875 5.99827
291900 0.145925 5.96245
292000 0.145975 5.99865
292100 0.146025 6.01866
292200 0.146075 6.03706
292300 0.146125 6.05517
292400 0.146175 6.0347
292500 0.146225 6.037
292600 0.146275 6.05532
292700 0.146325 6.04525
292800 0.146375 6.03904
292900 0.146425 6.04364
293000 0.146475 6.03368
293100 0.146525 6.02204
293200 0.146575 6.06795
293300 0.146625 6.04623
293400 0.146675 6.04336
293500 0.146725 6.04307
293600 0.146775 6.04983
293700 0.146825 6.01499
293800 0.146875 6.04716
293900 0.146925 6.045
294000 0.146975 6.07314
294100 0.147025 6.05424
294200 0.147075 6.06476
294300 0.147125 6.06472
294400 0.147175 6.07586
294500 0.147225 6.09762
294600 0.147275 6.07466
294700 0.147325 6.09263
294800 0.147375 6.07973
294900 0.147425 6.03514
295000 0.147475 6.04845
295100 0.147525 6.07026
295200 0.147575 6.08658
295300 0.147625 6.06305
295400 0.147675 6.0923
295500 0.147725 6.08674
295600 0.147775 6.10436
295700 0.147825 6.09749
295800 0.147875 6.10638
295900 0.147925 6.11469
296000 0.147975 6.11014
296100 0.148025 6.09258
296200 0.148075 6.11358
296300 0.148125 6.10954
296400 0.148175 6.07947
296500 0.148225 6.06355
296600 0.148275 6.08201
296700 0.148325 6.12455
296800 0.148375 6.11371
296900 0.148425 6.11604
297000 0.148475 6.12786
297100 0.148525 6.09197
297200 0.148575 6.08294
297300 0.148625 6.10941
297400 0.148675 6.09726
297500 0.148725 6.1376
297600 0.148775 6.10909
297700 0.148825 6.09071
297800 0.148875 6.06751
297900 0.148925 6.08883
298000 0.148975 6.12354
298100 0.149025 6.12558
298200 0.149075 6.12643
298300 0.149125 6.12789
298400 0.149175 6.10618
298500 0.149225 6.143
298600 0.149275 6.17579
298700 0.149325 6.15325
298800 0.149375 6.15725
298900 0.149425 6.17999
299000 0.149475 6.17451
299100 0.149525 6.18178
299200 0.149575 6.15729
299300 0.149625 6.1503
299400 0.149675 6.18613
299500 0.149725 6.20233
299600 0.149775 6.19056
299700 0.149825 6.15778
299800 0.149875 6.17263
299900 0.149925 6.19225
300000 0.149975 6.19406
300100 0.150025 6.18927
300200 0.150075 6.17467
300300 0.150125 6.20181
300400 0.150175 6.20495
300500 0.150225 6.19989
300600 0.150275 6.18786
300700 0.150325 6.19619
300800 0.150375 6.21641
300900 0.150425 6.19794
301000 0.150475 6.20678
301100 0.150525 6.2316
301200 0.150575 6.21606
301300 0.150625 6.19019
301400 0.150675 6.21604
301500 0.150725 6.22918
301600 0.150775 6.20297
301700 0.150825 6.19884
301800 0.150875 6.18937
301900 0.150925 6.18778
302000 0.150975 6.27315
302100 0.151025 6.24997
302200 0.151075 6.26407
302300 0.151125 6.23302
302400 0.151175 6.19521
302500 0.151225 6.20415
302600 0.151275 6.22227
302700 0.151325 6.23333
302800 0.151375 6.22454
302900 0.151425 6.22344
303000 0.151475 6.24354
303100 0.151525 6.21082
303200 0.151575 6.22392
303300 0.151625 6.22081
303400 0.151675 6.23612
303500 0.151725 6.28489
303600 0.151775 6.29103
303700 0.151825 6.25569
303800 0.151875 6.25961
303900 0.151925 6.26645
304000 0.151975 6.27594
304100 0.152025 6.28854
304200 0.152075 6.28369
304300 0.152125 6.29903
304400 0.152175 6.26306
304500 0.152225 6.27257
304600 0.152275 6.25593
304700 0.152325 6.30732
304800 0.152375 6.31067
304900 0.152425 6.32158
305000 0.152475 6.26858
305100 0.152525 6.29099
305200 0.152575 6.23025
305300 0.152625 6.24489
305400 0.152675 6.28874
305500 0.152725 6.33349
305600 0.152775 6.31904
305700 0.152825 6.29406
305800 0.152875 6.28204
305900 0.152925 6.27905
306000 0.152975 6.26742
306100 0.153025 6.24973
306200 0.153075 6.30853
306300 0.153125 6.26978
306400 0.153175 6.3027
306500 0.153225 6.29712
306600 0.153275 6.26051
306700 0.153325 6.28352
306800 0.153375 6.32075
306900 0.153425 6.33468
307000 0.153475 6.35672
307100 0.153525 6.32689
307200 0.153575 6.31825
307300 0.153625 6.34816
307400 0.153675 6.31897
307500 0.153725 6.36101
307600 0.153775 6.3717
307700 0.153825 6.31009
307800 0.153875 6.3107
307900 0.153925 6.31123
308000 0.153975 6.26874
308100 0.154025 6.27781
308200 0.154075 6.3134
308300 0.154125 6.35535
308400 0.154175 6.33065
308500 0.154225 6.3393
308600 0.154275 6.33955
308700 0.154325 6.35011
308800 0.154375 6.38715
308900 0.154425 6.38024
309000 0.154475 6.3827
309100 0.154525 6.38977
309200 0.154575 6.36064
309300 0.154625 6.35917
309400 0.154675 6.35348
309500 0.154725 6.31823
309600 0.154775 6.32597
309700 0.154825 6.36033
309800 0.154875 6.32188
309900 0.154925 6.33523
310000 0.154975 6.33472
310100 0.155025 6.3787
310200 0.155075 6.35801
310300 0.155125 6.41323
310400 0.155175 6.44018
310500 0.155225 6.40559
310600 0.155275 6.40832
310700 0.155325 6.3756
310800 0.155375 6.37243
310900 0.155425 6.36494
311000 0.155475 6.38401
311100 0.155525 6.38083
311200 0.155575 6.35447
311300 0.155625 6.34684
311400 0.155675 6.36685
311500 0.155725 6.39798
311600 0.155775 6.38004
311700 0.155825 6.40031
311800 0.155875 6.40381
311900 0.155925 6.39788
312000 0.155975 6.40675
312100 0.156025 6.46576
312200 0.156075 6.44503
312300 0.156125 6.43474
312400 0.156175 6.4601
312500 0.156225 6.44575
312600 0.156275 6.46592
312700 0.156325 6.46093
312800 0.156375 6.41543
312900 0.156425 6.4205
313000 0.156475 6.37821
313100 0.156525 6.41207
313200 0.156575 6.45521
313300 0.156625 6.4518
313400 0.156675 6.47289
313500 0.156725 6.42637
313600 0.156775 6.45453
313700 0.156825 6.45805
313800 0.156875 6.47935
313900 0.156925 6.50058
314000 0.156975 6.46529
314100 0.157025 6.48748
314200 0.157075 6.47717
314300 0.157125 6.47477
314400 0.157175 6.47091
314500 0.157225 6.50918
314600 0.157275 6.4431
314700 0.157325 6.40979
314800 0.157375 6.45108
314900 0.157425 6.49131
315000 0.157475 6.4936
315100 0.157525 6.48277
315200 0.157575 6.47279
315300 0.157625 6.47404
315400 0.157675 6.50363
315500 0.157725 6.50422
315600 0.157775 6.50311
315700 0.157825 6.50311
315800 0.157875 6.49121
315900 0.157925 6.47371
316000 0.157975 6.4785
316100 0.158025 6.46552
316200 0.158075 6.46905
316300 0.158125 6.48123
316400 0.158175 6.51499
316500 0.158225 6.52043
316600 0.158275 6.52281
316700 0.158325 6.5145
316800 0.158375 6.53905
316900 0.158425 6.57668
317000 0.158475 6.56326
317100 0.158525 6.56089
317200 0.158575 6.55442
317300 0.158625 6.53459
317400 0.158675 6.53685
317500 0.158725 6.51344
317600 0.158775 6.52069
317700 0.158825 6.52376
317800 0.158875 6.52368
317900 0.158925 6.52519
318000 0.158975 6.51218
318100 0.159025 6.50589
318200 0.159075 6.54714
318300 0.159125 6.53759
318400 0.159175 6.57771
318500 0.159225 6.5774
318600 0.159275 6.60551
318700 0.159325 6.5997
318800 0.159375 6.59057
318900 0.159425 6.61165
319000 0.159475 6.57542
319100 0.159525 6.55995
319200 0.159575 6.56458
319300 0.159625 6.5267
319400 0.159675 6.55341
319500 0.159725 6.53162
319600 0.159775 6.5097
319700 0.159825 6.51249
319800 0.159875 6.52358
319900 0.159925 6.5598
320000 0.159975 6.59234
320100 0.160025 6.59224
320200 0.160075 6.60602
320300 0.160125 6.6442
320400 0.160175 6.64232
320500 0.160225 6.6475
320600 0.160275 6.62692
320700 0.160325 6.60075
320800 0.160375 6.57477
320900 0.160425 6.56777
321000 0.160475 6.55001
321100 0.160525 6.56756
321200 0.160575 6.57746
321300 0.160625 6.58912
321400 0.160675 6.60815
321500 0.160725 6.62076
321600 0.160775 6.60236
321700 0.160825 6.60883
321800 0.160875 6.63968
321900 0.160925 6.6396
322000 0.160975 6.62718
322100 0.161025 6.57872
322200 0.161075 6.60991
322300 0.161125 6.6425
322400 0.161175 6.62906
322500 0.161225 6.62147
322600 0.161275 6.62577
322700 0.161325 6.62795
322800 0.161375 6.60461
322900 0.161425 6.58775
323000 0.161475 6.60053
323100 0.161525 6.61286
323200 0.161575 6.61853
323300 0.161625 6.62979
323400 0.161675 6.65615
323500 0.161725 6.67868
323600 0.161775 6.68743
323700 0.161825 6.68785
323800 0.161875 6.65903
323900 0.161925 6.66209
324000 0.161975 6.66401
324100 0.162025 6.68802
324200 0.162075 6.66705
324300 0.162125 6.65791
324400 0.162175 6.60818
324500 0.162225 6.62045
324600 0.162275 6.66249
324700 0.162325 6.68103
324800 0.162375 6.66793
324900 0.162425 6.63486
325000 0.162475 6.64949
325100 0.162525 6.71602
325200 0.162575 6.71352
325300 0.162625 6.73915
325400 0.162675 6.72952
325500 0.162725 6.70391
325600 0.162775 6.67433
325700 0.162825 6.67715
325800 0.162875 6.66419
325900 0.162925 6.65922
326000 0.162975 6.67142
326100 0.163025 6.66061
326200 0.163075 6.67637
326300 0.163125 6.65694
326400 0.163175 6.6577
326500 0.163225 6.7065
326600 0.163275 6.72686
326700 0.163325 6.77335
326800 0.163375 6.80603
326900 0.163425 6.77994
327000 0.163475 6.75344
327100 0.163525 6.7245
327200 0.163575 6.67472
327300 0.163625 6.66286
327400 0.163675 6.71676
327500 0.163725 6.71339
327600 0.163775 6.69488
327700 0.163825 6.69241
327800 0.163875 6.6934
327900 0.163925 6.69717
328000 0.163975 6.72379
328100 0.164025 6.76269
328200 0.164075 6.76617
328300 0.164125 6.76982
328400 0.164175 6.75834
328500 0.164225 6.7876
328600 0.164275 6.79291
328700 0.164325 6.7697
328800 0.164375 6.76507
328900 0.164425 6.75643
329000 0.164475 6.7455
329100 0.164525 6.70544
329200 0.164575 6.64859
329300 0.164625 6.69829
329400 0.164675 6.72373
329500 0.164725 6.75417
329600 0.164775 6.73955
329700 0.164825 6.76972
329800 0.164875 6.76521
329900 0.164925 6.78576
330000 0.164975 6.82968
330100 0.165025 6.85378
330200 0.165075 6.85899
330300 0.165125 6.8291
330400 0.165175 6.80896
330500 0.165225 6.80178
330600 0.165275 6.78985
330700 0.165325 6.78251
330800 0.165375 6.77662
330900 0.165425 6.75225
331000 0.165475 6.72575
331100 0.165525 6.7447
331200 0.165575 6.73892
331300 0.165625 6.80523
331400 0.165675 6.83189
331500 0.165725 6.82318
331600 0.165775 6.81869
331700 0.165825 6.87393
331800 0.165875 6.89298
331900 0.165925 6.90515
332000 0.165975 6.85694
332100 0.166025 6.85438
332200 0.166075 6.87691
332300 0.166125 6.82612
332400 0.166175 6.78508
332500 0.166225 6.77899
332600 0.166275 6.78775
332700 0.166325 6.78277
332800 0.166375 6.80146
332900 0.166425 6.79861
333000 0.166475 6.81169
333100 0.166525 6.83111
333200 0.166575 6.87378
333300 0.166625 6.90316
333400 0.166675 6.87225
333500 0.166725 6.89205
333600 0.166775 6.87777
333700 0.166825 6.87573
333800 0.166875 6.84831
333900 0.166925 6.86788
334000 0.166975 6.86347
334100 0.167025 6.86001
334200 0.167075 6.86105
334300 0.167125 6.83705
334400 0.167175 6.83849
334500 0.167225 6.81755
334600 0.167275 6.83811
334700 0.167325 6.83
334800 0.167375 6.91532
334900 0.167425 6.89577
335000 0.167475 6.90764
335100 0.167525 6.89917
335200 0.167575 6.93539
335300 0.167625 6.93992
335400 0.167675 6.91377
335500 0.167725 6.86844
335600 0.167775 6.90296
335700 0.167825 6.90037
335800 0.167875 6.85839
335900 0.167925 6.86271
336000 0.167975 6.87232
336100 0.168025 6.88079
336200 0.168075 6.92825
336300 0.168125 6.94335
336400 0.168175 6.94054
336500 0.168225 6.91905
336600 0.168275 6.95818
336700 0.168325 6.96417
336800 0.168375 6.94541
336900 0.168425 6.9565
337000 0.168475 6.95301
337100 0.168525 6.94756
337200 0.168575 6.90773
337300 0.168625 6.8431
337400 0.168675 6.85077
337500 0.168725 6.87622
337600 0.168775 6.90726
337700 0.168825 6.93666
337800 0.168875 6.96279
337900 0.168925 6.9363
338000 0.168975 6.94789
338100 0.169025 6.9777
338200 0.169075 6.96857
338300 0.169125 7.001
338400 0.169175 7.01043
338500 0.169225 6.98571
338600 0.169275 6.98196
338700 0.169325 6.946
338800 0.169375 6.93231
338900 0.169425 6.90832
339000 0.169475 6.87834
339100 0.169525 6.87746
339200 0.169575 6.89495
339300 0.169625 6.90694
339400 0.169675 6.89317
339500 0.169725 6.90317
339600 0.169775 6.95474
339700 0.169825 6.99159
339800 0.169875 7.03302
339900 0.169925 7.02012
340000 0.169975 7.01167
340100 0.170025 7.00095
340200 0.170075 7.00122
340300 0.170125 7.01459
340400 0.170175 7.00349
340500 0.170225 6.97898
340600 0.170275 6.92646
340700 0.170325 6.92446
340800 0.170375 6.92818
340900 0.170425 6.93188
341000 0.170475 6.93341
341100 0.170525 6.97471
341200 0.170575 6.94888
341300 0.170625 6.95416
341400 0.170675 6.97571
341500 0.170725 7.03854
341600 0.170775 7.05249
341700 0.170825 7.04895
341800 0.170875 7.06481
341900 0.170925 7.00298
342000 0.170975 7.02189
342100 0.171025 7.00768
342200 0.171075 6.98587
342300 0.171125 6.98323
342400 0.171175 6.9472
342500 0.171225 6.96199
342600 0.171275 6.97577
342700 0.171325 7.00548
342800 0.171375 7.00062
342900 0.171425 7.01387
343000 0.171475 7.00459
343100 0.171525 7.01902
343200 0.171575 7.01866
343300 0.171625 7.03396
343400 0.171675 7.06968
343500 0.171725 7.03312
343600 0.171775 7.0787
343700 0.171825 7.07881
343800 0.171875 7.0518
343900 0.171925 7.04108
344000 0.171975 7.0423
344100 0.172025 7.03645
344200 0.172075 7.03692
344300 0.172125 7.05786
344400 0.172175 7.0414
344500 0.172225 7.0517
344600 0.172275 7.0667
344700 0.172325 7.07195
344800 0.172375 7.06347
344900 0.172425 7.09888
345000 0.172475 7.07328
345100 0.172525 7.07604
345200 0.172575 7.06789
345300 0.172625 7.04628
345400 0.172675 7.08024
345500 0.172725 7.08473
345600 0.172775 7.06404
345700 0.172825 7.08817
345800 0.172875 7.07008
345900 0.172925 7.09833
346000 0.172975 7.08982
346100 0.173025 7.07572
346200 0.173075 7.10516
346300 0.173125 7.1455
346400 0.173175 7.11832
346500 0.173225 7.08123
346600 0.173275 7.11663
346700 0.173325 7.12335
346800 0.173375 7.1395
346900 0.173425 7.09741
347000 0.173475 7.04191
347100 0.173525 7.04774
347200 0.173575 7.09776
347300 0.173625 7.09475
347400 0.173675 7.11335
347500 0.173725 7.11301
347600 0.173775 7.10967
347700 0.173825 7.086
347800 0.173875 7.14385
347900 0.173925 7.13926
348000 0.173975 7.16644
348100 0.174025 7.15606
348200 0.174075 7.16653
348300 0.174125 7.13834
348400 0.174175 7.15935
348500 0.174225 7.1129
348600 0.174275 7.06375
348700 0.174325 7.0965
348800 0.174375 7.092
348900 0.174425 7.05592
349000 0.174475 7.0683
349100 0.174525 7.09322
349200 0.174575 7.07843
349300 0.174625 7.11358
349400 0.174675 7.1257
349500 0.174725 7.13772
349600 0.174775 7.17889
349700 0.174825 7.18994
349800 0.174875 7.22333
349900 0.174925 7.18927
350000 0.174975 7.1554
350100 0.175025 7.13639
350200 0.175075 7.11449
350300 0.175125 7.13164
350400 0.175175 7.12025
350500 0.175225 7.0952
350600 0.175275 7.11499
350700 0.175325 7.09029
350800 0.175375 7.0934
350900 0.175425 7.12313
351000 0.175475 7.16473
351100 0.175525 7.17819
351200 0.175575 7.16846
351300 0.175625 7.20328
351400 0.175675 7.19699
351500 0.175725 7.23647
351600 0.175775 7.2213
351700 0.175825 7.19966
351800 0.175875 7.15908
351900 0.175925 7.14632
352000 0.175975 7.15086
352100 0.176025 7.16564
352200 0.176075 7.19613
352300 0.176125 7.14428
352400 0.176175 7.17748
352500 0.176225 7.20327
352600 0.176275 7.19725
352700 0.176325 7.13679
352800 0.176375 7.18733
352900 0.176425 7.23736
353000 0.176475 7.21812
353100 0.176525 7.21174
353200 0.176575 7.1741
353300 0.176625 7.21282
353400 0.176675 7.20325
353500 0.176725 7.19515
353600 0.176775 7.15055
353700 0.176825 7.17146
353800 0.176875 7.22288
353900 0.176925 7.23741
354000 0.176975 7.22666
354100 0.177025 7.22563
354200 0.177075 7.26794
354300 0.177125 7.23929
354400 0.177175 7.21485
354500 0.177225 7.23309
354600 0.177275 7.23126
354700 0.177325 7.2507
354800 0.177375 7.26369
354900 0.177425 7.21247
355000 0.177475 7.2493
355100 0.177525 7.21047
355200 0.177575 7.13754
355300 0.177625 7.20298
355400 0.177675 7.22831
355500 0.177725 7.25878
355600 0.177775 7.2637
355700 0.177825 7.26099
355800 0.177875 7.2763
355900 0.177925 7.25557
356000 0.177975 7.3026
356100 0.178025 7.28596
356200 0.178075 7.26419
356300 0.178125 7.29709
356400 0.178175 7.27347
356500 0.178225 7.25548
356600 0.178275 7.25457
356700 0.178325 7.21412
356800 0.178375 7.18788
356900 0.178425 7.21043
357000 0.178475 7.24547
357100 0.178525 7.23182
357200 0.178575 7.27686
357300 0.178625 7.29237
357400 0.178675 7.28955
357500 0.178725 7.28484
357600 0.178775 7.26756
357700 0.178825 7.28718
357800 0.178875 7.29573
357900 0.178925 7.27526
358000 0.178975 7.27695
358100 0.179025 7.28067
358200 0.179075 7.2713
358300 0.179125 7.28877
358400 0.179175 7.2651
358500 0.179225 7.24802
358600 0.179275 7.26271
358700 0.179325 7.2637
358800 0.179375 7.23231
358900 0.179425 7.26479
359000 0.179475 7.28795
359100 0.179525 7.3128
359200 0.179575 7.30001
359300 0.179625 7.32445
359400 0.179675 7.32653
359500 0.179725 7.35222
359600 0.179775 7.33822
359700 0.179825 7.31309
359800 0.179875 7.34536
359900 0.179925 7.34183
360000 0.179975 7.3202
360100 0.180025 7.30875
360200 0.180075 7.29049
360300 0.180125 7.27091
360400 0.180175 7.28014
360500 0.180225 7.32765
360600 0.180275 7.3326
360700 0.180325 7.37027
360800 0.180375 7.36971
360900 0.180425 7.35749
361000 0.180475 7.38544
361100 0.180525 7.3644
361200 0.180575 7.37434
361300 0.180625 7.3876
361400 0.180675 7.3909
361500 0.180725 7.35273
361600 0.180775 7.33481
361700 0.180825 7.32374
361800 0.180875 7.34029
361900 0.180925 7.34918
362000 0.180975 7.32634
362100 0.181025 7.33043
362200 0.181075 7.34749
362300 0.181125 7.40841
362400 0.181175 7.37252
362500 0.181225 7.36667
362600 0.181275 7.40264
362700 0.181325 7.40799
362800 0.181375 7.40615
362900 0.181425 7.32359
363000 0.181475 7.32675
363100 0.181525 7.39832
363200 0.181575 7.31339
363300 0.181625 7.33976
363400 0.181675 7.35217
363500 0.181725 7.35811
363600 0.181775 7.38507
363700 0.181825 7.40126
363800 0.181875 7.42197
363900 0.181925 7.39851
364000 0.181975 7.44721
364100 0.182025 7.44642
364200 0.182075 7.42062
364300 0.182125 7.42747
364400 0.182175 7.4075
364500 0.182225 7.3893
364600 0.182275 7.4051
364700 0.182325 7.377
364800 0.182375 7.37293
364900 0.182425 7.38489
365000 0.182475 7.36217
365100 0.182525 7.3505
365200 0.182575 7.37709
365300 0.182625 7.3907
365400 0.182675 7.41472
365500 0.182725 7.40355
365600 0.182775 7.39524
365700 0.182825 7.43931
365800 0.182875 7.42723
365900 0.182925 7.47167
366000 0.182975 7.41923
366100 0.183025 7.43396
366200 0.183075 7.40676
366300 0.183125 7.4047
366400 0.183175 7.412
366500 0.183225 7.40851
366600 0.183275 7.37572
366700 0.183325 7.37392
366800 0.183375 7.37329
366900 0.183425 7.39923
367000 0.183475 7.42361
367100 0.183525 7.42102
367200 0.183575 7.43505
367300 0.183625 7.43746
367400 0.183675 7.47116
367500 0.183725 7.47116
367600 0.183775 7.49934
367700 0.183825 7.46148
367800 0.183875 7.42301
367900 0.183925 7.40276
368000 0.183975 7.42073
368100 0.184025 7.42003
368200 0.184075 7.43523
368300 0.184125 7.39537
368400 0.184175 7.44587
368500 0.184225 7.43672
368600 0.184275 7.44467
368700 0.184325 7.48169
368800 0.184375 7.48136
368900 0.184425 7.47314
369000 0.184475 7.47356
369100 0.184525 7.49002
369200 0.184575 7.50877
369300 0.184625 7.47912
369400 0.184675 7.47649
369500 0.184725 7.49028
369600 0.184775 7.50316
369700 0.184825 7.50881
369800 0.184875 7.4825
369900 0.184925 7.46099
370000 0.184975 7.47167
370100 0.185025 7.50731
370200 0.185075 7.50191
370300 0.185125 7.54146
370400 0.185175 7.5314
370500 0.185225 7.54635
370600 0.185275 7.52609
370700 0.185325 7.56263
370800 0.185375 7.52032
370900 0.185425 7.54726
371000 0.185475 7.54549
371100 0.185525 7.52411
371200 0.185575 7.51513
371300 0.185625 7.52535
371400 0.185675 7.51898
371500 0.185725 7.5069
371600 0.185775 7.51089
371700 0.185825 7.56633
371800 0.185875 7.53366
371900 0.185925 7.53728
372000 0.185975 7.56527
372100 0.186025 7.57335
372200 0.186075 7.55162
372300 0.186125 7.5445
372400 0.186175 7.55812
372500 0.186225 7.57416
372600 0.186275 7.55045
372700 0.186325 7.53801
372800 0.186375 7.55793
372900 0.186425 7.55877
373000 0.186475 7.56884
373100 0.186525 7.54899
373200 0.186575 7.542
373300 0.186625 7.50136
373400 0.186675 7.55161
373500 0.186725 7.56182
373600 0.186775 7.58794
373700 0.186825 7.62877
373800 0.186875 7.62793
373900 0.186925 7.60491
374000 0.186975 7.61728
374100 0.187025 7.61468
374200 0.187075 7.61555
374300 0.187125 7.59825
374400 0.187175 7.61934
374500 0.187225 7.58378
374600 0.187275 7.54967
374700 0.187325 7.59443
374800 0.187375 7.59414
374900 0.187425 7.58181
375000 0.187475 7.57349
375100 0.187525 7.56143
375200 0.187575 7.59359
375300 0.187625 7.61042
375400 0.187675 7.59709
375500 0.187725 7.61168
375600 0.187775 7.62948
375700 0.187825 7.64968
375800 0.187875 7.63658
375900 0.187925 7.64383
376000 0.187975 7.62724
376100 0.188025 7.61766
376200 0.188075 7.6333
376300 0.188125 7.63918
376400 0.188175 7.63013
376500 0.188225 7.60286
376600 0.188275 7.58919
376700 0.188325 7.56336
376800 0.188375 7.62738
376900 0.188425 7.63874
377000 0.188475 7.66114
377100 0.188525 7.6506
377200 0.188575 7.64386
377300 0.188625 7.64943
377400 0.188675 7.63573
377500 0.188725 7.62374
377600 0.188775 7.61695
377700 0.188825 7.61474
377800 0.188875 7.64234
377900 0.188925 7.63803
378000 0.188975 7.67838
378100 0.189025 7.6591
378200 0.189075 7.66464
378300 0.189125 7.66257
378400 0.189175 7.68578
378500 0.189225 7.70111
378600 0.189275 7.67136
378700 0.189325 7.64719
378800 0.189375 7.65698
378900 0.189425 7.66588
379000 0.189475 7.71035
379100 0.189525 7.69417
379200 0.189575 7.689
379300 0.189625 7.68831
379400 0.189675 7.70371
379500 0.189725 7.70705
379600 0.189775 7.6979
379700 0.189825 7.72867
379800 0.189875 7.65763
379900 0.189925 7.65387
380000 0.189975 7.6765
380100 0.190025 7.71853
380200 0.190075 7.70028
380300 0.190125 7.75793
380400 0.190175 7.73168
380500 0.190225 7.71451
380600 0.190275 7.67932
380700 0.190325 7.70497
380800 0.190375 7.6704
380900 0.190425 7.68035
381000 0.190475 7.71508
381100 0.190525 7.72027
381200 0.190575 7.7212
381300 0.190625 7.72623
381400 0.190675 7.78111
381500 0.190725 7.76024
381600 0.190775 7.75572
381700 0.190825 7.77049
381800 0.190875 7.76635
381900 0.190925 7.73984
382000 0.190975 7.72973
382100 0.191025 7.74529
382200 0.191075 7.73469
382300 0.191125 7.75245
382400 0.191175 7.77111
382500 0.191225 7.79148
382600 0.191275 7.76222
382700 0.191325 7.73184
382800 0.191375 7.75584
382900 0.191425 7.75101
383000 0.191475 7.74639
383100 0.191525 7.76851
383200 0.191575 7.81321
383300 0.191625 7.80168
383400 0.191675 7.8161
383500 0.191725 7.83257
383600 0.191775 7.84227
383700 0.191825 7.83874
383800 0.191875 7.81164
383900 0.191925 7.82487
384000 0.191975 7.81715
384100 0.192025 7.8375
384200 0.192075 7.78781
384300 0.192125 7.77335
384400 0.192175 7.77579
384500 0.192225 7.75951
384600 0.192275 7.79857
384700 0.192325 7.80188
384800 0.192375 7.81445
384900 0.192425 7.81447
385000 0.192475 7.77547
385100 0.192525 7.84238
385200 0.192575 7.86021
385300 0.192625 7.84736
385400 0.192675 7.90675
385500 0.192725 7.88259
385600 0.192775 7.8972
385700 0.192825 7.853
385800 0.192875 7.84539
385900 0.192925 7.83475
386000 0.192975 7.83223
386100 0.193025 7.84984
386200 0.193075 7.83775
386300 0.193125 7.81123
386400 0.193175 7.83341
386500 0.193225 7.83646
386600 0.193275 7.86035
386700 0.193325 7.84273
386800 0.193375 7.86504
386900 0.193425 7.87463
387000 0.193475 7.90831
387100 0.193525 7.91299
387200 0.193575 7.92286
387300 0.193625 7.9329
387400 0.193675 7.91275
387500 0.193725 7.89053
387600 0.193775 7.83898
387700 0.193825 7.82499
387800 0.193875 7.80538
387900 0.193925 7.84153
388000 0.193975 7.87229
388100 0.194025 7.89769
388200 0.194075 7.86897
388300 0.194125 7.86074
388400 0.194175 7.8555
388500 0.194225 7.84941
388600 0.194275 7.87103
388700 0.194325 7.90605
388800 0.194375 7.95435
388900 0.194425 7.95634
389000 0.194475 7.93566
389100 0.194525 7.88963
389200 0.194575 7.88966
389300 0.194625 7.88269
389400 0.194675 7.84356
389500 0.194725 7.85151
389600 0.194775 7.84246
389700 0.194825 7.86365
389800 0.194875 7.83974
389900 0.194925 7.87493
390000 0.194975 7.87489
390100 0.195025 7.89039
390200 0.195075 7.9104
390300 0.195125 7.91443
390400 0.195175 7.96036
390500 0.195225 7.94365
390600 0.195275 7.93493
390700 0.195325 7.95971
390800 0.195375 7.95661
390900 0.195425 7.9444
391000 0.195475 7.90643
391100 0.195525 7.90267
391200 0.195575 7.86399
391300 0.195625 7.85805
391400 0.195675 7.88623
391500 0.195725 7.90294
391600 0.195775 7.92967
391700 0.195825 7.89092
391800 0.195875 7.87845
391900 0.195925 7.88851
392000 0.195975 7.91698
392100 0.196025 7.92659
392200 0.196075 7.92655
392300 0.196125 7.93835
392400 0.196175 7.95718
392500 0.196225 7.96496
392600 0.196275 7.93104
392700 0.196325 7.92139
392800 0.196375 7.95361
392900 0.196425 7.91842
393000 0.196475 7.92619
393100 0.196525 7.85129
393200 0.196575 7.84634
393300 0.196625 7.86137
393400 0.196675 7.87081
393500 0.196725 7.94086
393600 0.196775 7.94432
393700 0.196825 7.95465
393800 0.196875 7.9905
393900 0.196925 7.98094
394000 0.196975 7.95472
394100 0.197025 7.97685
394200 0.197075 8.00139
394300 0.197125 7.96573
394400 0.197175 7.94351
394500 0.197225 7.91378
394600 0.197275 7.88538
394700 0.197325 7.88914
394800 0.197375 7.87948
394900 0.197425 7.9039
395000 0.197475 7.98003
395100 0.197525 7.98119
395200 0.197575 7.95872
395300 0.197625 7.97935
395400 0.197675 8.01861
395500 0.197725 8.02971
395600 0.197775 8.01156
395700 0.197825 8.02662
395800 0.197875 7.98547
395900 0.197925 7.9369
396000 0.197975 7.96601
396100 0.198025 7.9591
396200 0.198075 7.96355
396300 0.198125 7.95573
396400 0.198175 7.95828
396500 0.198225 7.97198
396600 0.198275 8.01472
396700 0.198325 8.015
396800 0.198375 7.9816
396900 0.198425 7.99914
397000 0.198475 8.04639
397100 0.198525 8.03739
397200 0.198575 8.04754
397300 0.198625 8.05722
397400 0.198675 8.02793
397500 0.198725 7.99362
397600 0.198775 7.99804
397700 0.198825 8.02149
397800 0.198875 8.00372
397900 0.198925 7.96181
398000 0.198975 7.94689
398100 0.199025 7.92905
398200 0.199075 7.95526
398300 0.199125 8.00851
398400 0.199175 8.02347
398500 0.199225 7.98104
398600 0.199275 7.9901
398700 0.199325 8.02962
398800 0.199375 8.04731
398900 0.199425 8.04485
399000 0.199475 8.08402
399100 0.199525 8.01659
399200 0.199575 8.02076
399300 0.199625 7.98844
399400 0.199675 7.99603
399500 0.199725 7.98251
399600 0.199775 7.98864
399700 0.199825 7.99895
399800 0.199875 7.99972
399900 0.199925 8.03241
400000 0.199975 8.06111
