# Time-averaged data for fix 3
# TimeStep v_strain v_stress_GPa
100 5.05e-05 0.262057
200 0.0001505 0.309874
300 0.0002505 0.35288
400 0.0003505 0.33545
500 0.0004505 0.3314
600 0.0005505 0.316042
700 0.0006505 0.289337
800 0.0007505 0.255119
900 0.0008505 0.233915
1000 0.0009505 0.204718
1100 0.0010505 0.186308
1200 0.0011505 0.167483
1300 0.0012505 0.184809
1400 0.0013505 0.251892
1500 0.0014505 0.279555
1600 0.0015505 0.331393
1700 0.0016505 0.334434
1800 0.0017505 0.391769
1900 0.0018505 0.388841
2000 0.0019505 0.38834
2100 0.0020505 0.381894
2200 0.0021505 0.367789
2300 0.0022505 0.345194
2400 0.0023505 0.277163
2500 0.0024505 0.258745
2600 0.0025505 0.22933
2700 0.0026505 0.256941
2800 0.0027505 0.271692
2900 0.0028505 0.290446
3000 0.0029505 0.316532
3100 0.0030505 0.363756
3200 0.0031505 0.388183
3300 0.0032505 0.405871
3400 0.0033505 0.454586
3500 0.0034505 0.476163
3600 0.0035505 0.459617
3700 0.0036505 0.407461
3800 0.0037505 0.373987
3900 0.0038505 0.335653
4000 0.0039505 0.330488
4100 0.0040505 0.307529
4200 0.0041505 0.31107
4300 0.0042505 0.31138
4400 0.0043505 0.309835
4500 0.0044505 0.34475
4600 0.0045505 0.395357
4700 0.0046505 0.484152
4800 0.0047505 0.491161
4900 0.0048505 0.491519
5000 0.0049505 0.507394
5100 0.0050505 0.480609
5200 0.0051505 0.468511
5300 0.0052505 0.45113
5400 0.0053505 0.424649
5500 0.0054505 0.376047
5600 0.0055505 0.342271
5700 0.0056505 0.332665
5800 0.0057505 0.358539
5900 0.0058505 0.38125
6000 0.0059505 0.39176
6100 0.0060505 0.468897
6200 0.0061505 0.50503
6300 0.0062505 0.523684
6400 0.0063505 0.545345
6500 0.0064505 0.554523
6600 0.0065505 0.569368
6700 0.0066505 0.547642
6800 0.0067505 0.50313
6900 0.0068505 0.461889
7000 0.0069505 0.419105
7100 0.0070505 0.383108
7200 0.0071505 0.3795
7300 0.0072505 0.439115
7400 0.0073505 0.434443
7500 0.0074505 0.467046
7600 0.0075505 0.496646
7700 0.0076505 0.519766
7800 0.0077505 0.597304
7900 0.0078505 0.625474
8000 0.0079505 0.636204
8100 0.0080505 0.596272
8200 0.0081505 0.580502
8300 0.0082505 0.541697
8400 0.0083505 0.513658
8500 0.0084505 0.49397
8600 0.0085505 0.473827
8700 0.0086505 0.477611
8800 0.0087505 0.442938
8900 0.0088505 0.471605
9000 0.0089505 0.510166
9100 0.0090505 0.575625
9200 0.0091505 0.600732
9300 0.0092505 0.633948
9400 0.0093505 0.659441
9500 0.0094505 0.64309
9600 0.0095505 0.649818
9700 0.0096505 0.636576
9800 0.0097505 0.619195
9900 0.0098505 0.598621
10000 0.0099505 0.530265
10100 0.0100505 0.514527
10200 0.0101505 0.503347
10300 0.0102505 0.510379
10400 0.0103505 0.530478
10500 0.0104505 0.577253
10600 0.0105505 0.615276
10700 0.0106505 0.639342
10800 0.0107505 0.689926
10900 0.0108505 0.667425
11000 0.0109505 0.734744
11100 0.0110505 0.716795
11200 0.0111505 0.69414
11300 0.0112505 0.663013
11400 0.0113505 0.619125
11500 0.0114505 0.582101
11600 0.0115505 0.579027
11700 0.0116505 0.593179
11800 0.0117505 0.586243
11900 0.0118505 0.585863
12000 0.0119505 0.616445
12100 0.0120505 0.648299
12200 0.0121505 0.689005
12300 0.0122505 0.715778
12400 0.0123505 0.752099
12500 0.0124505 0.758955
12600 0.0125505 0.756638
12700 0.0126505 0.732222
12800 0.0127505 0.732131
12900 0.0128505 0.708738
13000 0.0129505 0.662754
13100 0.0130505 0.642894
13200 0.0131505 0.623973
13300 0.0132505 0.624304
13400 0.0133505 0.639276
13500 0.0134505 0.678758
13600 0.0135505 0.718258
13700 0.0136505 0.735248
13800 0.0137505 0.792195
13900 0.0138505 0.806375
14000 0.0139505 0.823204
14100 0.0140505 0.817429
14200 0.0141505 0.816897
14300 0.0142505 0.779982
14400 0.0143505 0.757837
14500 0.0144505 0.729224
14600 0.0145505 0.699106
14700 0.0146505 0.678971
14800 0.0147505 0.678929
14900 0.0148505 0.700231
15000 0.0149505 0.728221
15100 0.0150505 0.760751
15200 0.0151505 0.805214
15300 0.0152505 0.823923
15400 0.0153505 0.856886
15500 0.0154505 0.887259
15600 0.0155505 0.887839
15700 0.0156505 0.856594
15800 0.0157505 0.849824
15900 0.0158505 0.824539
16000 0.0159505 0.776645
16100 0.0160505 0.772607
16200 0.0161505 0.753091
16300 0.0162505 0.756883
16400 0.0163505 0.749672
16500 0.0164505 0.770105
16600 0.0165505 0.811936
16700 0.0166505 0.854929
16800 0.0167505 0.887861
16900 0.0168505 0.912088
17000 0.0169505 0.913141
17100 0.0170505 0.953419
17200 0.0171505 0.908783
17300 0.0172505 0.913584
17400 0.0173505 0.894704
17500 0.0174505 0.884593
17600 0.0175505 0.827265
17700 0.0176505 0.81086
17800 0.0177505 0.795096
17900 0.0178505 0.786593
18000 0.0179505 0.829315
18100 0.0180505 0.871143
18200 0.0181505 0.909464
18300 0.0182505 0.935766
18400 0.0183505 0.94888
18500 0.0184505 0.988145
18600 0.0185505 0.986913
18700 0.0186505 1.00282
18800 0.0187505 0.974919
18900 0.0188505 0.945611
19000 0.0189505 0.944098
19100 0.0190505 0.894136
19200 0.0191505 0.87213
19300 0.0192505 0.867303
19400 0.0193505 0.883481
19500 0.0194505 0.890815
19600 0.0195505 0.901501
19700 0.0196505 0.917265
19800 0.0197505 0.955372
19900 0.0198505 1.024
20000 0.0199505 1.01697
20100 0.0200505 1.0471
20200 0.0201505 1.04663
20300 0.0202505 1.04467
20400 0.0203505 1.00215
20500 0.0204505 0.984585
20600 0.0205505 0.951542
20700 0.0206505 0.956295
20800 0.0207505 0.928791
20900 0.0208505 0.925406
21000 0.0209505 0.917379
21100 0.0210505 0.960001
21200 0.0211505 0.977205
21300 0.0212505 1.02739
21400 0.0213505 1.03813
21500 0.0214505 1.07387
21600 0.0215505 1.09257
21700 0.0216505 1.10597
21800 0.0217505 1.09582
21900 0.0218505 1.08743
22000 0.0219505 1.05799
22100 0.0220505 1.02134
22200 0.0221505 1.00079
22300 0.0222505 0.994386
22400 0.0223505 0.996776
22500 0.0224505 1.00175
22600 0.0225505 1.01792
22700 0.0226505 1.04924
22800 0.0227505 1.06
22900 0.0228505 1.09715
23000 0.0229505 1.12004
23100 0.0230505 1.13723
23200 0.0231505 1.16007
23300 0.0232505 1.15601
23400 0.0233505 1.13647
23500 0.0234505 1.09492
23600 0.0235505 1.09066
23700 0.0236505 1.07138
23800 0.0237505 1.07561
23900 0.0238505 1.04635
24000 0.0239505 1.06424
24100 0.0240505 1.05796
24200 0.0241505 1.09391
24300 0.0242505 1.10903
24400 0.0243505 1.14542
24500 0.0244505 1.17575
24600 0.0245505 1.20645
24700 0.0246505 1.21212
24800 0.0247505 1.2094
24900 0.0248505 1.19911
25000 0.0249505 1.17256
25100 0.0250505 1.15772
25200 0.0251505 1.13208
25300 0.0252505 1.12918
25400 0.0253505 1.11505
25500 0.0254505 1.12583
25600 0.0255505 1.10143
25700 0.0256505 1.15156
25800 0.0257505 1.17811
25900 0.0258505 1.19994
26000 0.0259505 1.23309
26100 0.0260505 1.24411
26200 0.0261505 1.26359
26300 0.0262505 1.25079
26400 0.0263505 1.26584
26500 0.0264505 1.24226
26600 0.0265505 1.22166
26700 0.0266505 1.2084
26800 0.0267505 1.15617
26900 0.0268505 1.17362
27000 0.0269505 1.15518
27100 0.0270505 1.15274
27200 0.0271505 1.18768
27300 0.0272505 1.22689
27400 0.0273505 1.24823
27500 0.0274505 1.27562
27600 0.0275505 1.29804
27700 0.0276505 1.31027
27800 0.0277505 1.3169
27900 0.0278505 1.31268
28000 0.0279505 1.30427
28100 0.0280505 1.28453
28200 0.0281505 1.25951
28300 0.0282505 1.22213
28400 0.0283505 1.21092
28500 0.0284505 1.21832
28600 0.0285505 1.23071
28700 0.0286505 1.26457
28800 0.0287505 1.27841
28900 0.0288505 1.29505
29000 0.0289505 1.34141
29100 0.0290505 1.33933
29200 0.0291505 1.36832
29300 0.0292505 1.38012
29400 0.0293505 1.38964
29500 0.0294505 1.35693
29600 0.0295505 1.33108
29700 0.0296505 1.31518
29800 0.0297505 1.30145
29900 0.0298505 1.30899
30000 0.0299505 1.26887
30100 0.0300505 1.30606
30200 0.0301505 1.315
30300 0.0302505 1.31309
30400 0.0303505 1.32857
30500 0.0304505 1.36994
30600 0.0305505 1.42032
30700 0.0306505 1.44392
30800 0.0307505 1.44491
30900 0.0308505 1.43715
31000 0.0309505 1.42974
31100 0.0310505 1.39773
31200 0.0311505 1.36827
31300 0.0312505 1.37311
31400 0.0313505 1.35886
31500 0.0314505 1.33069
31600 0.0315505 1.34384
31700 0.0316505 1.3577
31800 0.0317505 1.36966
31900 0.0318505 1.40876
32000 0.0319505 1.4417
32100 0.0320505 1.4539
32200 0.0321505 1.48167
32300 0.0322505 1.49523
32400 0.0323505 1.48484
32500 0.0324505 1.49007
32600 0.0325505 1.47199
32700 0.0326505 1.46334
32800 0.0327505 1.40777
32900 0.0328505 1.40288
33000 0.0329505 1.38617
33100 0.0330505 1.41062
33200 0.0331505 1.40398
33300 0.0332505 1.44049
33400 0.0333505 1.46269
33500 0.0334505 1.4931
33600 0.0335505 1.50552
33700 0.0336505 1.54228
33800 0.0337505 1.52791
33900 0.0338505 1.56611
34000 0.0339505 1.54026
34100 0.0340505 1.52686
34200 0.0341505 1.50703
34300 0.0342505 1.49221
34400 0.0343505 1.4668
34500 0.0344505 1.47995
34600 0.0345505 1.45954
34700 0.0346505 1.46954
34800 0.0347505 1.47078
34900 0.0348505 1.50639
35000 0.0349505 1.53793
35100 0.0350505 1.56723
35200 0.0351505 1.61274
35300 0.0352505 1.61549
35400 0.0353505 1.60435
35500 0.0354505 1.60753
35600 0.0355505 1.61208
35700 0.0356505 1.59269
35800 0.0357505 1.57334
35900 0.0358505 1.53993
36000 0.0359505 1.52377
36100 0.0360505 1.51504
36200 0.0361505 1.51624
36300 0.0362505 1.52573
36400 0.0363505 1.57848
36500 0.0364505 1.56598
36600 0.0365505 1.63707
36700 0.0366505 1.64861
36800 0.0367505 1.67683
36900 0.0368505 1.67518
37000 0.0369505 1.67258
37100 0.0370505 1.66496
37200 0.0371505 1.64992
37300 0.0372505 1.6324
37400 0.0373505 1.58882
37500 0.0374505 1.57788
37600 0.0375505 1.59059
37700 0.0376505 1.57911
37800 0.0377505 1.57925
37900 0.0378505 1.58955
38000 0.0379505 1.63241
38100 0.0380505 1.66932
38200 0.0381505 1.69452
38300 0.0382505 1.7175
38400 0.0383505 1.73193
38500 0.0384505 1.76966
38600 0.0385505 1.7028
38700 0.0386505 1.72682
38800 0.0387505 1.69883
38900 0.0388505 1.66995
39000 0.0389505 1.66059
39100 0.0390505 1.63633
39200 0.0391505 1.62322
39300 0.0392505 1.65132
39400 0.0393505 1.63377
39500 0.0394505 1.66007
39600 0.0395505 1.71893
39700 0.0396505 1.755
39800 0.0397505 1.76278
39900 0.0398505 1.79426
40000 0.0399505 1.79533
40100 0.0400505 1.79445
40200 0.0401505 1.78841
40300 0.0402505 1.755
40400 0.0403505 1.73851
40500 0.0404505 1.72173
40600 0.0405505 1.7119
40700 0.0406505 1.66832
40800 0.0407505 1.71168
40900 0.0408505 1.70507
41000 0.0409505 1.72168
41100 0.0410505 1.73806
41200 0.0411505 1.7795
41300 0.0412505 1.805
41400 0.0413505 1.84815
41500 0.0414505 1.88514
41600 0.0415505 1.83876
41700 0.0416505 1.84896
41800 0.0417505 1.84498
41900 0.0418505 1.79883
42000 0.0419505 1.77993
42100 0.0420505 1.79242
42200 0.0421505 1.7536
42300 0.0422505 1.73234
42400 0.0423505 1.76356
42500 0.0424505 1.7757
42600 0.0425505 1.81189
42700 0.0426505 1.82958
42800 0.0427505 1.86953
42900 0.0428505 1.90512
43000 0.0429505 1.913
43100 0.0430505 1.88321
43200 0.0431505 1.90456
43300 0.0432505 1.8991
43400 0.0433505 1.89207
43500 0.0434505 1.84786
43600 0.0435505 1.85181
43700 0.0436505 1.81123
43800 0.0437505 1.81842
43900 0.0438505 1.83177
44000 0.0439505 1.84374
44100 0.0440505 1.8561
44200 0.0441505 1.87679
44300 0.0442505 1.88425
44400 0.0443505 1.93064
44500 0.0444505 1.95206
44600 0.0445505 2.00476
44700 0.0446505 1.98501
44800 0.0447505 1.96563
44900 0.0448505 1.94716
45000 0.0449505 1.93299
45100 0.0450505 1.88895
45200 0.0451505 1.88874
45300 0.0452505 1.90203
45400 0.0453505 1.88059
45500 0.0454505 1.87873
45600 0.0455505 1.89025
45700 0.0456505 1.90163
45800 0.0457505 1.95993
45900 0.0458505 1.98567
46000 0.0459505 2.00902
46100 0.0460505 2.04394
46200 0.0461505 2.05177
46300 0.0462505 2.03815
46400 0.0463505 2.04186
46500 0.0464505 2.00057
46600 0.0465505 1.97099
46700 0.0466505 1.97429
46800 0.0467505 1.93507
46900 0.0468505 1.92568
47000 0.0469505 1.94909
47100 0.0470505 1.95354
47200 0.0471505 1.98092
47300 0.0472505 2.00286
47400 0.0473505 2.03569
47500 0.0474505 2.07007
47600 0.0475505 2.08892
47700 0.0476505 2.07117
47800 0.0477505 2.101
47900 0.0478505 2.10579
48000 0.0479505 2.07145
48100 0.0480505 2.05104
48200 0.0481505 2.0116
48300 0.0482505 2.00482
48400 0.0483505 2.00122
48500 0.0484505 1.97866
48600 0.0485505 2.00756
48700 0.0486505 2.02013
48800 0.0487505 2.05292
48900 0.0488505 2.06976
49000 0.0489505 2.10004
49100 0.0490505 2.15785
49200 0.0491505 2.1917
49300 0.0492505 2.19231
49400 0.0493505 2.13899
49500 0.0494505 2.13508
49600 0.0495505 2.13155
49700 0.0496505 2.12784
49800 0.0497505 2.08927
49900 0.0498505 2.06865
50000 0.0499505 2.06747
50100 0.0500505 2.05943
50200 0.0501505 2.05791
50300 0.0502505 2.10284
50400 0.0503505 2.13937
50500 0.0504505 2.17489
50600 0.0505505 2.18816
50700 0.0506505 2.21235
50800 0.0507505 2.24726
50900 0.0508505 2.22553
51000 0.0509505 2.22179
51100 0.0510505 2.20253
51200 0.0511505 2.18617
51300 0.0512505 2.16099
51400 0.0513505 2.11975
51500 0.0514505 2.10974
51600 0.0515505 2.12931
51700 0.0516505 2.15058
51800 0.0517505 2.13653
51900 0.0518505 2.17542
52000 0.0519505 2.20938
52100 0.0520505 2.2224
52200 0.0521505 2.25849
52300 0.0522505 2.27021
52400 0.0523505 2.2937
52500 0.0524505 2.298
52600 0.0525505 2.28722
52700 0.0526505 2.24209
52800 0.0527505 2.23872
52900 0.0528505 2.20833
53000 0.0529505 2.18464
53100 0.0530505 2.17374
53200 0.0531505 2.18067
53300 0.0532505 2.18478
53400 0.0533505 2.20911
53500 0.0534505 2.23381
53600 0.0535505 2.27686
53700 0.0536505 2.30275
53800 0.0537505 2.33655
53900 0.0538505 2.34288
54000 0.0539505 2.35431
54100 0.0540505 2.33987
54200 0.0541505 2.31398
54300 0.0542505 2.30925
54400 0.0543505 2.28668
54500 0.0544505 2.25567
54600 0.0545505 2.27758
54700 0.0546505 2.24299
54800 0.0547505 2.23034
54900 0.0548505 2.27253
55000 0.0549505 2.27827
55100 0.0550505 2.35562
55200 0.0551505 2.36284
55300 0.0552505 2.37727
55400 0.0553505 2.39879
55500 0.0554505 2.39869
55600 0.0555505 2.39233
55700 0.0556505 2.39684
55800 0.0557505 2.38513
55900 0.0558505 2.36959
56000 0.0559505 2.33899
56100 0.0560505 2.31702
56200 0.0561505 2.28887
56300 0.0562505 2.29233
56400 0.0563505 2.34235
56500 0.0564505 2.35199
56600 0.0565505 2.36062
56700 0.0566505 2.39666
56800 0.0567505 2.39726
56900 0.0568505 2.43326
57000 0.0569505 2.45684
57100 0.0570505 2.4873
57200 0.0571505 2.47666
57300 0.0572505 2.45697
57400 0.0573505 2.43829
57500 0.0574505 2.36731
57600 0.0575505 2.36983
57700 0.0576505 2.37581
57800 0.0577505 2.36876
57900 0.0578505 2.37558
58000 0.0579505 2.36648
58100 0.0580505 2.4038
58200 0.0581505 2.41478
58300 0.0582505 2.47321
58400 0.0583505 2.51039
58500 0.0584505 2.53616
58600 0.0585505 2.53602
58700 0.0586505 2.49926
58800 0.0587505 2.4892
58900 0.0588505 2.47119
59000 0.0589505 2.47631
59100 0.0590505 2.4402
59200 0.0591505 2.43464
59300 0.0592505 2.42673
59400 0.0593505 2.43325
59500 0.0594505 2.41279
59600 0.0595505 2.44219
59700 0.0596505 2.49281
59800 0.0597505 2.52401
59900 0.0598505 2.54479
60000 0.0599505 2.56306
60100 0.0600505 2.57601
60200 0.0601505 2.59054
60300 0.0602505 2.58337
60400 0.0603505 2.57103
60500 0.0604505 2.53284
60600 0.0605505 2.50281
60700 0.0606505 2.48709
60800 0.0607505 2.48773
60900 0.0608505 2.46981
61000 0.0609505 2.50013
61100 0.0610505 2.5234
61200 0.0611505 2.50368
61300 0.0612505 2.5563
61400 0.0613505 2.5636
61500 0.0614505 2.6289
61600 0.0615505 2.65704
61700 0.0616505 2.64602
61800 0.0617505 2.66139
61900 0.0618505 2.66355
62000 0.0619505 2.62175
62100 0.0620505 2.58683
62200 0.0621505 2.58355
62300 0.0622505 2.57089
62400 0.0623505 2.52962
62500 0.0624505 2.54159
62600 0.0625505 2.56563
62700 0.0626505 2.58115
62800 0.0627505 2.64528
62900 0.0628505 2.63499
63000 0.0629505 2.68523
63100 0.0630505 2.70558
63200 0.0631505 2.71932
63300 0.0632505 2.71761
63400 0.0633505 2.69971
63500 0.0634505 2.70121
63600 0.0635505 2.66986
63700 0.0636505 2.64967
63800 0.0637505 2.63083
63900 0.0638505 2.6009
64000 0.0639505 2.59374
64100 0.0640505 2.58965
64200 0.0641505 2.59716
64300 0.0642505 2.6543
64400 0.0643505 2.70945
64500 0.0644505 2.72248
64600 0.0645505 2.75667
64700 0.0646505 2.79718
64800 0.0647505 2.79994
64900 0.0648505 2.76819
65000 0.0649505 2.79235
65100 0.0650505 2.73791
65200 0.0651505 2.71683
65300 0.0652505 2.67828
65400 0.0653505 2.66061
65500 0.0654505 2.66384
65600 0.0655505 2.66225
65700 0.0656505 2.67126
65800 0.0657505 2.70091
65900 0.0658505 2.74057
66000 0.0659505 2.78595
66100 0.0660505 2.81634
66200 0.0661505 2.84298
66300 0.0662505 2.83996
66400 0.0663505 2.85091
66500 0.0664505 2.82829
66600 0.0665505 2.80861
66700 0.0666505 2.78228
66800 0.0667505 2.75366
66900 0.0668505 2.74223
67000 0.0669505 2.73182
67100 0.0670505 2.71437
67200 0.0671505 2.73638
67300 0.0672505 2.75754
67400 0.0673505 2.79187
67500 0.0674505 2.821
67600 0.0675505 2.85086
67700 0.0676505 2.90333
67800 0.0677505 2.89963
67900 0.0678505 2.87972
68000 0.0679505 2.89235
68100 0.0680505 2.89447
68200 0.0681505 2.87114
68300 0.0682505 2.84586
68400 0.0683505 2.82939
68500 0.0684505 2.81677
68600 0.0685505 2.74886
68700 0.0686505 2.77334
68800 0.0687505 2.81214
68900 0.0688505 2.86368
69000 0.0689505 2.86681
69100 0.0690505 2.88049
69200 0.0691505 2.90445
69300 0.0692505 2.94384
69400 0.0693505 2.97524
69500 0.0694505 2.9608
69600 0.0695505 2.95672
69700 0.0696505 2.97264
69800 0.0697505 2.91638
69900 0.0698505 2.89331
70000 0.0699505 2.8691
70100 0.0700505 2.85467
70200 0.0701505 2.85016
70300 0.0702505 2.84034
70400 0.0703505 2.86598
70500 0.0704505 2.8891
70600 0.0705505 2.92978
70700 0.0706505 2.95808
70800 0.0707505 3.01729
70900 0.0708505 3.01427
71000 0.0709505 3.0182
71100 0.0710505 3.02523
71200 0.0711505 3.03119
71300 0.0712505 2.9993
71400 0.0713505 2.98237
71500 0.0714505 2.94357
71600 0.0715505 2.92472
71700 0.0716505 2.88436
71800 0.0717505 2.8988
71900 0.0718505 2.91168
72000 0.0719505 2.94914
72100 0.0720505 2.97749
72200 0.0721505 3.0132
72300 0.0722505 3.02526
72400 0.0723505 3.0428
72500 0.0724505 3.06748
72600 0.0725505 3.09187
72700 0.0726505 3.09177
72800 0.0727505 3.05836
72900 0.0728505 3.04472
73000 0.0729505 3.04482
73100 0.0730505 2.99448
73200 0.0731505 2.97637
73300 0.0732505 2.97147
73400 0.0733505 3.01114
73500 0.0734505 3.01148
73600 0.0735505 2.99541
73700 0.0736505 3.04304
73800 0.0737505 3.05015
73900 0.0738505 3.11305
74000 0.0739505 3.11623
74100 0.0740505 3.12776
74200 0.0741505 3.1636
74300 0.0742505 3.12593
74400 0.0743505 3.09516
74500 0.0744505 3.09457
74600 0.0745505 3.09332
74700 0.0746505 3.07491
74800 0.0747505 3.02049
74900 0.0748505 3.04247
75000 0.0749505 3.0557
75100 0.0750505 3.06746
75200 0.0751505 3.10887
75300 0.0752505 3.10104
75400 0.0753505 3.14706
75500 0.0754505 3.1885
75600 0.0755505 3.19742
75700 0.0756505 3.20244
75800 0.0757505 3.21043
75900 0.0758505 3.19623
76000 0.0759505 3.17525
76100 0.0760505 3.14986
76200 0.0761505 3.14291
76300 0.0762505 3.13604
76400 0.0763505 3.13107
76500 0.0764505 3.10972
76600 0.0765505 3.11447
76700 0.0766505 3.14192
76800 0.0767505 3.16129
76900 0.0768505 3.18592
77000 0.0769505 3.2225
77100 0.0770505 3.24488
77200 0.0771505 3.27225
77300 0.0772505 3.25539
77400 0.0773505 3.26148
77500 0.0774505 3.24026
77600 0.0775505 3.25313
77700 0.0776505 3.20682
77800 0.0777505 3.19321
77900 0.0778505 3.19796
78000 0.0779505 3.19806
78100 0.0780505 3.17731
78200 0.0781505 3.18858
78300 0.0782505 3.22639
78400 0.0783505 3.26864
78500 0.0784505 3.26876
78600 0.0785505 3.29274
78700 0.0786505 3.29801
78800 0.0787505 3.31361
78900 0.0788505 3.31422
79000 0.0789505 3.31584
79100 0.0790505 3.31791
79200 0.0791505 3.32677
79300 0.0792505 3.26886
79400 0.0793505 3.25424
79500 0.0794505 3.24625
79600 0.0795505 3.24918
79700 0.0796505 3.26908
79800 0.0797505 3.26291
79900 0.0798505 3.2704
80000 0.0799505 3.30237
80100 0.0800505 3.3463
80200 0.0801505 3.36969
80300 0.0802505 3.37847
80400 0.0803505 3.38939
80500 0.0804505 3.40032
80600 0.0805505 3.38247
80700 0.0806505 3.38558
80800 0.0807505 3.36317
80900 0.0808505 3.35568
81000 0.0809505 3.35161
81100 0.0810505 3.3308
81200 0.0811505 3.30477
81300 0.0812505 3.32147
81400 0.0813505 3.33705
81500 0.0814505 3.36977
81600 0.0815505 3.39736
81700 0.0816505 3.41706
81800 0.0817505 3.44446
81900 0.0818505 3.45847
82000 0.0819505 3.47215
82100 0.0820505 3.45133
82200 0.0821505 3.46096
82300 0.0822505 3.42384
82400 0.0823505 3.39236
82500 0.0824505 3.3887
82600 0.0825505 3.38749
82700 0.0826505 3.38638
82800 0.0827505 3.38202
82900 0.0828505 3.39765
83000 0.0829505 3.41685
83100 0.0830505 3.44522
83200 0.0831505 3.46226
83300 0.0832505 3.47284
83400 0.0833505 3.48903
83500 0.0834505 3.50445
83600 0.0835505 3.51682
83700 0.0836505 3.51113
83800 0.0837505 3.47167
83900 0.0838505 3.47923
84000 0.0839505 3.46051
84100 0.0840505 3.46464
84200 0.0841505 3.46365
84300 0.0842505 3.45214
84400 0.0843505 3.45396
84500 0.0844505 3.469
84600 0.0845505 3.48534
84700 0.0846505 3.51305
84800 0.0847505 3.53918
84900 0.0848505 3.59292
85000 0.0849505 3.58182
85100 0.0850505 3.58021
85200 0.0851505 3.57565
85300 0.0852505 3.54725
85400 0.0853505 3.57745
85500 0.0854505 3.56317
85600 0.0855505 3.52847
85700 0.0856505 3.50966
85800 0.0857505 3.53263
85900 0.0858505 3.52469
86000 0.0859505 3.5453
86100 0.0860505 3.58472
86200 0.0861505 3.56119
86300 0.0862505 3.58242
86400 0.0863505 3.61918
86500 0.0864505 3.61489
86600 0.0865505 3.63108
86700 0.0866505 3.6553
86800 0.0867505 3.67172
86900 0.0868505 3.63469
87000 0.0869505 3.65803
87100 0.0870505 3.62863
87200 0.0871505 3.58734
87300 0.0872505 3.58413
87400 0.0873505 3.59455
87500 0.0874505 3.61008
87600 0.0875505 3.61277
87700 0.0876505 3.62128
87800 0.0877505 3.63103
87900 0.0878505 3.64995
88000 0.0879505 3.68209
88100 0.0880505 3.72067
88200 0.0881505 3.73007
88300 0.0882505 3.70121
88400 0.0883505 3.68665
88500 0.0884505 3.6992
88600 0.0885505 3.67652
88700 0.0886505 3.65714
88800 0.0887505 3.66966
88900 0.0888505 3.6548
89000 0.0889505 3.66127
89100 0.0890505 3.62695
89200 0.0891505 3.68218
89300 0.0892505 3.71992
89400 0.0893505 3.72975
89500 0.0894505 3.76746
89600 0.0895505 3.77115
89700 0.0896505 3.77652
89800 0.0897505 3.7746
89900 0.0898505 3.76652
90000 0.0899505 3.74647
90100 0.0900505 3.75566
90200 0.0901505 3.72746
90300 0.0902505 3.74536
90400 0.0903505 3.72696
90500 0.0904505 3.74065
90600 0.0905505 3.72676
90700 0.0906505 3.74668
90800 0.0907505 3.7502
90900 0.0908505 3.76358
91000 0.0909505 3.7961
91100 0.0910505 3.82032
91200 0.0911505 3.83102
91300 0.0912505 3.83345
91400 0.0913505 3.83309
91500 0.0914505 3.82348
91600 0.0915505 3.80962
91700 0.0916505 3.82994
91800 0.0917505 3.79618
91900 0.0918505 3.80179
92000 0.0919505 3.80076
92100 0.0920505 3.7689
92200 0.0921505 3.80171
92300 0.0922505 3.82724
92400 0.0923505 3.849
92500 0.0924505 3.87228
92600 0.0925505 3.89627
92700 0.0926505 3.87946
92800 0.0927505 3.88523
92900 0.0928505 3.89266
93000 0.0929505 3.8861
93100 0.0930505 3.90696
93200 0.0931505 3.8852
93300 0.0932505 3.90558
93400 0.0933505 3.89572
93500 0.0934505 3.87976
93600 0.0935505 3.86508
93700 0.0936505 3.86042
93800 0.0937505 3.88166
93900 0.0938505 3.91215
94000 0.0939505 3.9192
94100 0.0940505 3.92359
94200 0.0941505 3.90683
94300 0.0942505 3.96717
94400 0.0943505 3.99031
94500 0.0944505 4.00979
94600 0.0945505 4.00012
94700 0.0946505 3.97109
94800 0.0947505 3.96085
94900 0.0948505 3.93829
95000 0.0949505 3.95144
95100 0.0950505 3.96696
95200 0.0951505 3.96554
95300 0.0952505 3.93534
95400 0.0953505 3.93134
95500 0.0954505 3.95685
95600 0.0955505 4.00121
95700 0.0956505 4.01339
95800 0.0957505 4.02608
95900 0.0958505 4.07686
96000 0.0959505 4.06621
96100 0.0960505 4.05197
96200 0.0961505 4.04639
96300 0.0962505 4.04543
96400 0.0963505 4.02164
96500 0.0964505 4.01042
96600 0.0965505 4.00819
96700 0.0966505 4.00429
96800 0.0967505 3.98016
96900 0.0968505 3.98676
97000 0.0969505 4.00303
97100 0.0970505 4.05189
97200 0.0971505 4.05572
97300 0.0972505 4.08709
97400 0.0973505 4.08536
97500 0.0974505 4.10399
97600 0.0975505 4.13994
97700 0.0976505 4.13819
97800 0.0977505 4.12458
97900 0.0978505 4.09546
98000 0.0979505 4.08464
98100 0.0980505 4.11051
98200 0.0981505 4.07935
98300 0.0982505 4.08211
98400 0.0983505 4.07226
98500 0.0984505 4.05837
98600 0.0985505 4.05398
98700 0.0986505 4.09111
98800 0.0987505 4.11206
98900 0.0988505 4.13491
99000 0.0989505 4.16814
99100 0.0990505 4.16958
99200 0.0991505 4.16391
99300 0.0992505 4.17177
99400 0.0993505 4.16759
99500 0.0994505 4.16973
99600 0.0995505 4.14244
99700 0.0996505 4.13464
99800 0.0997505 4.12411
99900 0.0998505 4.13098
100000 0.0999505 4.14044
100100 0.100051 4.13904
100200 0.100151 4.15278
100300 0.100251 4.17132
100400 0.100351 4.18768
100500 0.100451 4.18275
100600 0.100551 4.21117
100700 0.100651 4.24266
100800 0.100751 4.23984
100900 0.10085 4.22859
101000 0.100951 4.22026
101100 0.101051 4.21035
101200 0.101151 4.24846
101300 0.101251 4.21952
101400 0.101351 4.19965
101500 0.101451 4.20844
101600 0.101551 4.19421
101700 0.101651 4.19808
101800 0.10175 4.22556
101900 0.101851 4.22037
102000 0.10195 4.25976
102100 0.102051 4.28476
102200 0.102151 4.28377
102300 0.102251 4.2629
102400 0.102351 4.29088
102500 0.102451 4.29765
102600 0.102551 4.29745
102700 0.102651 4.27175
102800 0.102751 4.2706
102900 0.102851 4.25977
103000 0.102951 4.24418
103100 0.10305 4.26788
103200 0.103151 4.2632
103300 0.103251 4.26024
103400 0.103351 4.28569
103500 0.103451 4.2926
103600 0.103551 4.31491
103700 0.103651 4.35689
103800 0.103751 4.34858
103900 0.103851 4.35827
104000 0.103951 4.36283
104100 0.104051 4.36037
104200 0.104151 4.35635
104300 0.104251 4.35265
104400 0.10435 4.35393
104500 0.10445 4.31931
104600 0.104551 4.32282
104700 0.104651 4.29804
104800 0.104751 4.31044
104900 0.104851 4.31909
105000 0.104951 4.34914
105100 0.105051 4.38083
105200 0.105151 4.39963
105300 0.105251 4.38554
105400 0.105351 4.42278
105500 0.105451 4.43349
105600 0.105551 4.44016
105700 0.105651 4.44749
105800 0.105751 4.45015
105900 0.105851 4.41006
106000 0.105951 4.40276
106100 0.10605 4.39382
106200 0.106151 4.39752
106300 0.106251 4.40398
106400 0.106351 4.39377
106500 0.106451 4.39361
106600 0.106551 4.41644
106700 0.106651 4.43755
106800 0.106751 4.43468
106900 0.106851 4.4638
107000 0.106951 4.48877
107100 0.10705 4.46014
107200 0.10715 4.4883
107300 0.107251 4.47745
107400 0.107351 4.4573
107500 0.107451 4.48406
107600 0.107551 4.45769
107700 0.107651 4.46968
107800 0.10775 4.44803
107900 0.107851 4.44778
108000 0.107951 4.48683
108100 0.108051 4.50159
108200 0.108151 4.49694
108300 0.108251 4.48442
108400 0.108351 4.51232
108500 0.108451 4.50893
108600 0.108551 4.56773
108700 0.10865 4.58813
108800 0.108751 4.56884
108900 0.108851 4.57781
109000 0.108951 4.54658
109100 0.109051 4.5234
109200 0.109151 4.5204
109300 0.109251 4.49737
109400 0.109351 4.50094
109500 0.109451 4.52924
109600 0.109551 4.52845
109700 0.10965 4.55588
109800 0.109751 4.55839
109900 0.109851 4.58689
110000 0.109951 4.58881
110100 0.110051 4.61102
110200 0.110151 4.6168
110300 0.110251 4.62274
110400 0.110351 4.61009
110500 0.110451 4.62728
110600 0.110551 4.63729
110700 0.110651 4.62441
110800 0.11075 4.58427
110900 0.110851 4.59334
111000 0.110951 4.54991
111100 0.111051 4.57033
111200 0.111151 4.5991
111300 0.111251 4.58439
111400 0.11135 4.63097
111500 0.111451 4.6516
111600 0.111551 4.67572
111700 0.111651 4.69399
111800 0.111751 4.70263
111900 0.111851 4.70159
112000 0.111951 4.71598
112100 0.112051 4.69883
112200 0.112151 4.67994
112300 0.112251 4.67904
112400 0.112351 4.65939
112500 0.112451 4.62992
112600 0.112551 4.62799
112700 0.112651 4.62421
112800 0.112751 4.65983
112900 0.11285 4.69099
113000 0.11295 4.73073
113100 0.113051 4.76155
113200 0.113151 4.76236
113300 0.113251 4.78084
113400 0.113351 4.80985
113500 0.113451 4.82023
113600 0.113551 4.79267
113700 0.113651 4.7965
113800 0.113751 4.75399
113900 0.113851 4.75413
114000 0.113951 4.73821
114100 0.114051 4.73926
114200 0.114151 4.72745
114300 0.114251 4.73469
114400 0.114351 4.75306
114500 0.114451 4.74463
114600 0.114551 4.79103
114700 0.114651 4.81383
114800 0.11475 4.8403
114900 0.114851 4.83347
115000 0.114951 4.87167
115100 0.115051 4.85989
115200 0.115151 4.82852
115300 0.115251 4.84325
115400 0.115351 4.79211
115500 0.115451 4.80175
115600 0.115551 4.83254
115700 0.115651 4.78364
115800 0.115751 4.77776
115900 0.115851 4.8101
116000 0.115951 4.83357
116100 0.116051 4.84589
116200 0.116151 4.86671
116300 0.116251 4.87353
116400 0.116351 4.8924
116500 0.116451 4.95391
116600 0.116551 4.90821
116700 0.116651 4.93624
116800 0.116751 4.94393
116900 0.116851 4.93183
117000 0.116951 4.91158
117100 0.117051 4.88584
117200 0.117151 4.86867
117300 0.117251 4.82596
117400 0.11735 4.85388
117500 0.117451 4.87592
117600 0.117551 4.89118
117700 0.117651 4.92128
117800 0.117751 4.9335
117900 0.117851 4.9379
118000 0.117951 4.96835
118100 0.118051 4.9989
118200 0.11815 5.01788
118300 0.118251 5.01863
118400 0.118351 5.01495
118500 0.118451 4.97884
118600 0.118551 4.94959
118700 0.118651 4.94403
118800 0.118751 4.94152
118900 0.118851 4.94922
119000 0.118951 4.93525
119100 0.119051 4.92528
119200 0.119151 4.95147
119300 0.119251 4.96333
119400 0.119351 4.99393
119500 0.119451 5.00046
119600 0.119551 5.02066
119700 0.119651 5.01099
119800 0.11975 5.02319
119900 0.11985 5.06477
120000 0.119951 5.06343
120100 0.120051 5.05305
120200 0.120151 5.0286
120300 0.120251 5.0046
120400 0.120351 4.96948
120500 0.120451 4.98766
120600 0.120551 4.98773
120700 0.120651 5.01004
120800 0.120751 5.00208
120900 0.120851 5.02456
121000 0.120951 5.0694
121100 0.121051 5.06698
121200 0.121151 5.10435
121300 0.121251 5.10369
121400 0.121351 5.11235
121500 0.121451 5.12448
121600 0.121551 5.10275
121700 0.121651 5.08918
121800 0.121751 5.09184
121900 0.121851 5.08037
122000 0.121951 5.0543
122100 0.122051 5.04057
122200 0.122151 5.05164
122300 0.122251 5.03766
122400 0.122351 5.06469
122500 0.12245 5.06512
122600 0.122551 5.10405
122700 0.122651 5.11295
122800 0.122751 5.13251
122900 0.122851 5.14846
123000 0.122951 5.17387
123100 0.123051 5.18026
123200 0.123151 5.193
123300 0.123251 5.181
123400 0.123351 5.18561
123500 0.123451 5.10912
123600 0.123551 5.08423
123700 0.123651 5.06717
123800 0.123751 5.07901
123900 0.123851 5.08258
124000 0.123951 5.11338
124100 0.124051 5.12642
124200 0.124151 5.18035
124300 0.124251 5.19952
124400 0.124351 5.19642
124500 0.124451 5.21374
124600 0.124551 5.22581
124700 0.124651 5.2589
124800 0.124751 5.22238
124900 0.124851 5.18905
125000 0.124951 5.19926
125100 0.125051 5.22218
125200 0.125151 5.18745
125300 0.125251 5.16987
125400 0.125351 5.1722
125500 0.125451 5.18146
125600 0.125551 5.17287
125700 0.125651 5.2048
125800 0.125751 5.20976
125900 0.125851 5.24503
126000 0.125951 5.26215
126100 0.126051 5.28433
126200 0.126151 5.30016
126300 0.126251 5.30679
126400 0.126351 5.31287
126500 0.126451 5.29677
126600 0.126551 5.26137
126700 0.126651 5.27856
126800 0.126751 5.28733
126900 0.126851 5.28437
127000 0.126951 5.23875
127100 0.127051 5.23095
127200 0.127151 5.23558
127300 0.127251 5.25286
127400 0.127351 5.26303
127500 0.127451 5.30415
127600 0.127551 5.32046
127700 0.127651 5.34729
127800 0.127751 5.36026
127900 0.127851 5.34076
128000 0.127951 5.36711
128100 0.128051 5.36701
128200 0.128151 5.35648
128300 0.128251 5.32208
128400 0.128351 5.29724
128500 0.128451 5.30868
128600 0.128551 5.31676
128700 0.128651 5.34836
128800 0.128751 5.35361
128900 0.128851 5.33946
129000 0.128951 5.36046
129100 0.129051 5.34773
129200 0.129151 5.35822
129300 0.129251 5.40832
129400 0.129351 5.43869
129500 0.129451 5.42699
129600 0.129551 5.44175
129700 0.129651 5.449
129800 0.129751 5.4015
129900 0.129851 5.36915
130000 0.129951 5.36624
130100 0.130051 5.39327
130200 0.130151 5.38519
130300 0.13025 5.37763
130400 0.130351 5.38626
130500 0.130451 5.38121
130600 0.130551 5.39448
130700 0.130651 5.434
130800 0.130751 5.45403
130900 0.130851 5.49224
131000 0.130951 5.47397
131100 0.131051 5.49408
131200 0.131151 5.48373
131300 0.131251 5.47268
131400 0.131351 5.45343
131500 0.131451 5.47265
131600 0.131551 5.46347
131700 0.131651 5.46811
131800 0.131751 5.4511
131900 0.131851 5.44356
132000 0.131951 5.43429
132100 0.132051 5.44294
132200 0.132151 5.47834
132300 0.132251 5.50195
132400 0.132351 5.53061
132500 0.132451 5.55914
132600 0.132551 5.57485
132700 0.132651 5.55157
132800 0.132751 5.56342
132900 0.132851 5.56492
133000 0.132951 5.58502
133100 0.133051 5.54256
133200 0.133151 5.55262
133300 0.133251 5.51292
133400 0.133351 5.48727
133500 0.133451 5.51113
133600 0.133551 5.49867
133700 0.133651 5.5229
133800 0.133751 5.54256
133900 0.133851 5.56651
134000 0.133951 5.61145
134100 0.134051 5.59656
134200 0.134151 5.62028
134300 0.134251 5.63983
134400 0.134351 5.68349
134500 0.134451 5.65145
134600 0.134551 5.61839
134700 0.134651 5.61735
134800 0.134751 5.59338
134900 0.134851 5.59532
135000 0.134951 5.60897
135100 0.135051 5.6245
135200 0.135151 5.61976
135300 0.135251 5.57754
135400 0.135351 5.58693
135500 0.135451 5.6204
135600 0.135551 5.62864
135700 0.135651 5.67955
135800 0.135751 5.68974
135900 0.135851 5.72199
136000 0.135951 5.69189
136100 0.136051 5.70512
136200 0.136151 5.71803
136300 0.136251 5.67722
136400 0.136351 5.68542
136500 0.136451 5.72177
136600 0.136551 5.66414
136700 0.136651 5.63927
136800 0.136751 5.64646
136900 0.136851 5.66516
137000 0.136951 5.66925
137100 0.137051 5.67153
137200 0.137151 5.71021
137300 0.137251 5.7152
137400 0.137351 5.75392
137500 0.137451 5.80068
137600 0.137551 5.78379
137700 0.137651 5.79157
137800 0.137751 5.74767
137900 0.13785 5.73593
138000 0.137951 5.74908
138100 0.138051 5.716
138200 0.138151 5.71682
138300 0.138251 5.7014
138400 0.138351 5.7067
138500 0.138451 5.74509
138600 0.138551 5.78509
138700 0.138651 5.77328
138800 0.13875 5.78678
138900 0.138851 5.80795
139000 0.138951 5.81443
139100 0.139051 5.8097
139200 0.139151 5.85836
139300 0.139251 5.83329
139400 0.139351 5.83668
139500 0.139451 5.8124
139600 0.139551 5.80059
139700 0.139651 5.81822
139800 0.139751 5.80632
139900 0.139851 5.79656
140000 0.139951 5.75279
140100 0.140051 5.80154
140200 0.140151 5.80143
140300 0.140251 5.81932
140400 0.140351 5.86096
140500 0.140451 5.86587
140600 0.140551 5.88877
140700 0.140651 5.87836
140800 0.140751 5.88106
140900 0.140851 5.88155
141000 0.140951 5.91941
141100 0.141051 5.90899
141200 0.141151 5.89081
141300 0.141251 5.85787
141400 0.141351 5.84901
141500 0.141451 5.81265
141600 0.141551 5.8405
141700 0.141651 5.84976
141800 0.141751 5.84297
141900 0.141851 5.88866
142000 0.141951 5.89291
142100 0.142051 5.87733
142200 0.142151 5.89984
142300 0.142251 5.94016
142400 0.142351 5.99229
142500 0.142451 5.99458
142600 0.142551 5.99824
142700 0.142651 5.98258
142800 0.142751 5.92263
142900 0.142851 5.89455
143000 0.142951 5.91303
143100 0.143051 5.93951
143200 0.143151 5.94669
143300 0.143251 5.93663
143400 0.143351 5.93178
143500 0.143451 5.94421
143600 0.143551 5.93968
143700 0.143651 5.96674
143800 0.143751 6.00235
143900 0.143851 6.03777
144000 0.143951 6.03287
144100 0.144051 6.00925
144200 0.144151 5.99764
144300 0.144251 6.00653
144400 0.144351 6.01857
144500 0.144451 6.0099
144600 0.144551 6.02975
144700 0.144651 6.00461
144800 0.144751 6.0033
144900 0.144851 5.96781
145000 0.144951 5.96697
145100 0.145051 6.04034
145200 0.145151 6.05434
145300 0.145251 6.03344
145400 0.145351 6.03622
145500 0.145451 6.0579
145600 0.145551 6.09924
145700 0.145651 6.10289
145800 0.145751 6.08731
145900 0.14585 6.08177
146000 0.145951 6.10477
146100 0.146051 6.05931
146200 0.146151 6.02862
146300 0.146251 6.03667
146400 0.146351 6.00602
146500 0.146451 6.02203
146600 0.146551 6.04359
146700 0.146651 6.08461
146800 0.146751 6.09028
146900 0.146851 6.12271
147000 0.146951 6.12494
147100 0.147051 6.1228
147200 0.147151 6.14073
147300 0.147251 6.13877
147400 0.147351 6.15554
147500 0.147451 6.14573
147600 0.147551 6.16343
147700 0.147651 6.12926
147800 0.147751 6.13235
147900 0.147851 6.10322
148000 0.147951 6.07067
148100 0.148051 6.07745
148200 0.148151 6.0886
148300 0.148251 6.11876
148400 0.14835 6.15233
148500 0.148451 6.16095
148600 0.148551 6.17344
148700 0.148651 6.19238
148800 0.148751 6.17635
148900 0.148851 6.20865
149000 0.148951 6.23381
149100 0.149051 6.20775
149200 0.149151 6.19021
149300 0.149251 6.15334
149400 0.149351 6.13658
149500 0.149451 6.14377
149600 0.149551 6.15945
149700 0.14965 6.15412
149800 0.149751 6.14264
149900 0.149851 6.15599
150000 0.149951 6.18186
150100 0.150051 6.2547
150200 0.150151 6.26193
150300 0.150251 6.26829
150400 0.150351 6.29177
150500 0.150451 6.30602
150600 0.150551 6.28335
150700 0.150651 6.27115
150800 0.150751 6.25896
150900 0.150851 6.27253
151000 0.150951 6.23471
151100 0.151051 6.25203
151200 0.15115 6.21343
151300 0.151251 6.22814
151400 0.151351 6.24101
151500 0.151451 6.2341
151600 0.151551 6.24442
151700 0.151651 6.31214
151800 0.151751 6.31776
151900 0.151851 6.32941
152000 0.151951 6.3547
152100 0.152051 6.32366
152200 0.152151 6.35561
152300 0.152251 6.3501
152400 0.152351 6.33257
152500 0.152451 6.33662
152600 0.152551 6.32554
152700 0.15265 6.27345
152800 0.152751 6.25612
152900 0.152851 6.27136
153000 0.152951 6.30022
153100 0.153051 6.30387
153200 0.153151 6.30296
153300 0.153251 6.32232
153400 0.153351 6.37729
153500 0.153451 6.37343
153600 0.153551 6.40445
153700 0.153651 6.41393
153800 0.153751 6.37186
153900 0.153851 6.39741
154000 0.153951 6.37876
154100 0.154051 6.38605
154200 0.154151 6.39953
154300 0.154251 6.37586
154400 0.154351 6.33868
154500 0.154451 6.33983
154600 0.154551 6.36076
154700 0.154651 6.40886
154800 0.154751 6.39415
154900 0.154851 6.37124
155000 0.154951 6.41558
155100 0.155051 6.43693
155200 0.15515 6.46912
155300 0.155251 6.48633
155400 0.155351 6.50733
155500 0.155451 6.50625
155600 0.155551 6.45308
155700 0.155651 6.44042
155800 0.155751 6.42508
155900 0.155851 6.44531
156000 0.155951 6.40851
156100 0.156051 6.37604
156200 0.156151 6.44778
156300 0.156251 6.45111
156400 0.156351 6.44751
156500 0.156451 6.45235
156600 0.156551 6.49982
156700 0.156651 6.54291
156800 0.156751 6.54636
156900 0.156851 6.54972
157000 0.156951 6.53726
157100 0.157051 6.54275
157200 0.157151 6.52049
157300 0.157251 6.50146
157400 0.157351 6.51613
157500 0.157451 6.5166
157600 0.157551 6.4587
157700 0.157651 6.4498
157800 0.157751 6.44719
157900 0.157851 6.47474
158000 0.157951 6.5039
158100 0.158051 6.51849
158200 0.158151 6.53478
158300 0.158251 6.56704
158400 0.158351 6.61524
158500 0.158451 6.59875
158600 0.158551 6.60697
158700 0.158651 6.62224
158800 0.158751 6.60034
158900 0.158851 6.5905
159000 0.158951 6.5897
159100 0.159051 6.57441
159200 0.159151 6.56396
159300 0.159251 6.54877
159400 0.159351 6.52251
159500 0.159451 6.55228
159600 0.159551 6.56283
159700 0.159651 6.57596
159800 0.159751 6.58532
159900 0.159851 6.6113
160000 0.159951 6.63518
160100 0.160051 6.66807
160200 0.160151 6.66175
160300 0.160251 6.67574
160400 0.160351 6.6546
160500 0.16045 6.65494
160600 0.160551 6.64018
160700 0.160651 6.60743
160800 0.160751 6.65538
160900 0.160851 6.63445
161000 0.160951 6.63395
161100 0.161051 6.58095
161200 0.161151 6.57322
161300 0.161251 6.56915
161400 0.161351 6.61489
161500 0.161451 6.63404
161600 0.161551 6.66691
161700 0.161651 6.71978
161800 0.161751 6.72071
161900 0.161851 6.71804
162000 0.161951 6.71462
162100 0.162051 6.72621
162200 0.162151 6.74243
162300 0.16225 6.70419
162400 0.162351 6.68611
162500 0.162451 6.66818
162600 0.162551 6.64814
162700 0.162651 6.66745
162800 0.162751 6.65549
162900 0.162851 6.64966
163000 0.162951 6.67949
163100 0.163051 6.71489
163200 0.163151 6.7197
163300 0.163251 6.67298
163400 0.163351 6.7373
163500 0.163451 6.73301
163600 0.163551 6.7289
163700 0.163651 6.70307
163800 0.163751 6.75441
163900 0.163851 6.74751
164000 0.163951 6.77114
164100 0.164051 6.7911
164200 0.164151 6.7934
164300 0.164251 6.74179
164400 0.164351 6.7635
164500 0.16445 6.73358
164600 0.164551 6.72972
164700 0.164651 6.7525
164800 0.164751 6.77592
164900 0.164851 6.77596
165000 0.164951 6.81889
165100 0.165051 6.8424
165200 0.165151 6.83104
165300 0.165251 6.82376
165400 0.165351 6.82008
165500 0.165451 6.82249
165600 0.165551 6.819
165700 0.165651 6.82128
165800 0.165751 6.81214
165900 0.165851 6.81931
166000 0.165951 6.80677
166100 0.166051 6.80921
166200 0.166151 6.84157
166300 0.166251 6.82706
166400 0.166351 6.80903
166500 0.166451 6.84262
166600 0.166551 6.88272
166700 0.166651 6.90256
166800 0.166751 6.88802
166900 0.166851 6.88312
167000 0.166951 6.86152
167100 0.167051 6.86336
167200 0.167151 6.91173
167300 0.167251 6.9011
167400 0.167351 6.87343
167500 0.167451 6.9043
167600 0.167551 6.89351
167700 0.167651 6.88949
167800 0.167751 6.86205
167900 0.167851 6.89894
168000 0.167951 6.91083
168100 0.168051 6.89709
168200 0.168151 6.89211
168300 0.16825 6.95794
168400 0.168351 6.96731
168500 0.168451 6.93171
168600 0.168551 6.92668
168700 0.168651 6.97313
168800 0.168751 6.97029
168900 0.168851 6.94077
169000 0.168951 6.93115
169100 0.169051 6.95125
169200 0.169151 6.92512
169300 0.169251 6.88261
169400 0.169351 6.89018
169500 0.169451 6.88931
169600 0.169551 6.93096
169700 0.169651 6.99462
169800 0.169751 7.01404
169900 0.169851 6.99099
170000 0.169951 7.03021
170100 0.170051 6.98731
170200 0.170151 7.02896
170300 0.170251 7.04805
170400 0.170351 7.02106
170500 0.170451 7.02001
170600 0.170551 7.01469
170700 0.170651 6.9886
170800 0.170751 7.02765
170900 0.17085 7.00548
171000 0.170951 7.01708
171100 0.171051 7.01282
171200 0.171151 7.039
171300 0.171251 7.015
171400 0.171351 7.03517
171500 0.171451 7.04193
171600 0.171551 7.04875
171700 0.171651 7.076
171800 0.171751 7.09288
171900 0.171851 7.06804
172000 0.171951 7.08077
172100 0.172051 7.1011
172200 0.172151 7.10976
172300 0.172251 7.07482
172400 0.172351 7.09027
172500 0.172451 7.08759
172600 0.172551 7.04638
172700 0.172651 7.03975
172800 0.172751 7.08673
172900 0.172851 7.08736
173000 0.172951 7.09541
173100 0.173051 7.09324
173200 0.173151 7.06661
173300 0.173251 7.05611
173400 0.173351 7.11882
173500 0.173451 7.10636
173600 0.173551 7.10086
173700 0.173651 7.14937
173800 0.173751 7.19284
173900 0.173851 7.16491
174000 0.173951 7.17015
174100 0.174051 7.13471
174200 0.174151 7.0995
174300 0.174251 7.09534
174400 0.174351 7.12957
174500 0.174451 7.12212
174600 0.174551 7.13956
174700 0.174651 7.144
174800 0.174751 7.15623
174900 0.174851 7.15864
175000 0.174951 7.19998
175100 0.175051 7.19815
175200 0.175151 7.16382
175300 0.175251 7.17811
175400 0.17535 7.19918
175500 0.175451 7.1655
175600 0.175551 7.13421
175700 0.175651 7.17949
175800 0.175751 7.17327
175900 0.175851 7.17534
176000 0.175951 7.13727
176100 0.176051 7.19524
176200 0.176151 7.19538
176300 0.176251 7.22147
176400 0.176351 7.2153
176500 0.176451 7.22257
176600 0.176551 7.23905
176700 0.176651 7.21173
176800 0.176751 7.22537
176900 0.17685 7.24372
177000 0.176951 7.23983
177100 0.177051 7.21255
177200 0.177151 7.18753
177300 0.177251 7.1678
177400 0.177351 7.18169
177500 0.177451 7.20963
177600 0.177551 7.2275
177700 0.177651 7.24113
177800 0.177751 7.24378
177900 0.177851 7.24388
178000 0.177951 7.21902
178100 0.178051 7.23763
178200 0.178151 7.24024
178300 0.178251 7.24975
178400 0.178351 7.28673
178500 0.178451 7.26208
178600 0.178551 7.32915
178700 0.178651 7.32879
178800 0.178751 7.35612
178900 0.178851 7.32155
179000 0.178951 7.3168
179100 0.179051 7.29717
179200 0.179151 7.29006
179300 0.179251 7.28449
179400 0.179351 7.26723
179500 0.179451 7.29989
179600 0.179551 7.28822
179700 0.179651 7.31101
179800 0.179751 7.341
179900 0.179851 7.36527
180000 0.179951 7.3776
180100 0.180051 7.39228
180200 0.180151 7.37942
180300 0.180251 7.38832
180400 0.180351 7.41906
180500 0.180451 7.39601
180600 0.180551 7.32123
180700 0.180651 7.30825
180800 0.180751 7.31165
180900 0.180851 7.31769
181000 0.180951 7.33946
181100 0.181051 7.36178
181200 0.181151 7.38112
181300 0.181251 7.40333
181400 0.181351 7.38266
181500 0.181451 7.42761
181600 0.181551 7.44013
181700 0.181651 7.42995
181800 0.181751 7.41647
181900 0.18185 7.39996
182000 0.181951 7.41749
182100 0.182051 7.41077
182200 0.182151 7.40345
182300 0.182251 7.43058
182400 0.182351 7.42181
182500 0.182451 7.45705
182600 0.182551 7.44041
182700 0.182651 7.39904
182800 0.182751 7.40489
182900 0.182851 7.45257
183000 0.182951 7.44308
183100 0.183051 7.45446
183200 0.183151 7.45811
183300 0.183251 7.43486
183400 0.183351 7.39862
183500 0.183451 7.47114
183600 0.183551 7.46961
183700 0.183651 7.5089
183800 0.183751 7.50628
183900 0.183851 7.5164
184000 0.183951 7.50552
184100 0.184051 7.48154
184200 0.184151 7.46845
184300 0.184251 7.50384
184400 0.184351 7.49934
184500 0.184451 7.49251
184600 0.184551 7.47047
184700 0.184651 7.44853
184800 0.184751 7.48945
184900 0.184851 7.56036
185000 0.184951 7.54831
185100 0.185051 7.54424
185200 0.185151 7.59605
185300 0.185251 7.57701
185400 0.185351 7.53886
185500 0.185451 7.5789
185600 0.185551 7.55114
185700 0.185651 7.52575
185800 0.185751 7.53607
185900 0.185851 7.49749
186000 0.185951 7.49162
186100 0.186051 7.50228
186200 0.186151 7.54166
186300 0.186251 7.51872
186400 0.186351 7.5493
186500 0.186451 7.60705
186600 0.186551 7.67543
186700 0.186651 7.68502
186800 0.186751 7.64621
186900 0.186851 7.60629
187000 0.186951 7.59093
187100 0.187051 7.6139
187200 0.187151 7.62379
187300 0.18725 7.63074
187400 0.187351 7.61726
187500 0.187451 7.63747
187600 0.187551 7.61885
187700 0.187651 7.61143
187800 0.187751 7.61261
187900 0.187851 7.64758
188000 0.187951 7.63013
188100 0.188051 7.63917
188200 0.188151 7.64898
188300 0.188251 7.68473
188400 0.188351 7.67431
188500 0.188451 7.67107
188600 0.188551 7.67957
188700 0.188651 7.68901
188800 0.188751 7.64138
188900 0.188851 7.65732
189000 0.188951 7.63063
189100 0.189051 7.60642
189200 0.189151 7.64474
189300 0.189251 7.69364
189400 0.189351 7.70978
189500 0.189451 7.67542
189600 0.189551 7.66676
189700 0.189651 7.71964
189800 0.189751 7.72274
189900 0.189851 7.79451
190000 0.189951 7.81722
190100 0.190051 7.75354
190200 0.190151 7.7686
190300 0.190251 7.78145
190400 0.190351 7.74581
190500 0.190451 7.73335
190600 0.190551 7.68813
190700 0.190651 7.7242
190800 0.190751 7.73374
190900 0.190851 7.74024
191000 0.190951 7.6865
191100 0.191051 7.67327
191200 0.191151 7.66865
191300 0.191251 7.69643
191400 0.191351 7.76625
191500 0.191451 7.77492
191600 0.191551 7.79645
191700 0.191651 7.78561
191800 0.191751 7.77554
191900 0.191851 7.75111
192000 0.191951 7.79597
192100 0.192051 7.79373
192200 0.192151 7.77061
192300 0.19225 7.76159
192400 0.192351 7.76908
192500 0.192451 7.75468
192600 0.192551 7.73003
192700 0.192651 7.73506
192800 0.192751 7.742
192900 0.192851 7.7625
193000 0.192951 7.76865
193100 0.193051 7.75849
193200 0.193151 7.77273
193300 0.193251 7.7972
193400 0.193351 7.82371
193500 0.193451 7.82404
193600 0.193551 7.80726
193700 0.193651 7.77982
193800 0.193751 7.79824
193900 0.193851 7.79043
194000 0.193951 7.77702
194100 0.194051 7.76934
194200 0.194151 7.78078
194300 0.194251 7.7733
194400 0.194351 7.77711
194500 0.194451 7.76111
194600 0.194551 7.78566
194700 0.194651 7.76923
194800 0.194751 7.84008
194900 0.19485 7.86077
195000 0.194951 7.85091
195100 0.195051 7.87862
195200 0.195151 7.9202
195300 0.19525 7.85508
195400 0.195351 7.84516
195500 0.195451 7.83319
195600 0.195551 7.85734
195700 0.195651 7.86024
195800 0.195751 7.84546
195900 0.195851 7.83769
196000 0.195951 7.81984
196100 0.196051 7.83726
196200 0.196151 7.84948
196300 0.196251 7.85277
196400 0.196351 7.81317
196500 0.196451 7.80878
196600 0.196551 7.87617
196700 0.196651 7.86523
196800 0.196751 7.8352
196900 0.196851 7.86236
197000 0.196951 7.87726
197100 0.197051 7.86864
197200 0.197151 7.83864
197300 0.197251 7.84695
197400 0.197351 7.80258
197500 0.197451 7.78187
197600 0.197551 7.82591
197700 0.197651 7.85779
197800 0.197751 7.82985
197900 0.197851 7.84682
198000 0.197951 7.84865
198100 0.198051 7.87259
198200 0.198151 7.88933
198300 0.19825 7.89145
198400 0.198351 7.92551
198500 0.198451 7.94018
198600 0.198551 7.93185
198700 0.198651 7.89712
198800 0.198751 7.91801
198900 0.198851 7.93445
199000 0.198951 7.93685
199100 0.199051 7.93732
199200 0.199151 7.93717
199300 0.199251 7.92703
199400 0.199351 7.91284
199500 0.199451 7.93405
199600 0.199551 7.88548
199700 0.199651 7.89243
199800 0.199751 7.93568
199900 0.199851 7.92921
200000 0.199951 7.91931
