# Time-averaged data for fix 3
# TimeStep v_strain v_stress_GPa
100 5.05e-05 0.245985
200 0.0001505 0.262772
300 0.0002505 0.274024
400 0.0003505 0.288967
500 0.0004505 0.265196
600 0.0005505 0.277016
700 0.0006505 0.256401
800 0.0007505 0.23806
900 0.0008505 0.216592
1000 0.0009505 0.214126
1100 0.0010505 0.185765
1200 0.0011505 0.181692
1300 0.0012505 0.173834
1400 0.0013505 0.167152
1500 0.0014505 0.16315
1600 0.0015505 0.165909
1700 0.0016505 0.191523
1800 0.0017505 0.199871
1900 0.0018505 0.224364
2000 0.0019505 0.239032
2100 0.0020505 0.27968
2200 0.0021505 0.307436
2300 0.0022505 0.317137
2400 0.0023505 0.33411
2500 0.0024505 0.341313
2600 0.0025505 0.341504
2700 0.0026505 0.359164
2800 0.0027505 0.342917
2900 0.0028505 0.323452
3000 0.0029505 0.325132
3100 0.0030505 0.309614
3200 0.0031505 0.274869
3300 0.0032505 0.273287
3400 0.0033505 0.252713
3500 0.0034505 0.239223
3600 0.0035505 0.239495
3700 0.0036505 0.234601
3800 0.0037505 0.271459
3900 0.0038505 0.267548
4000 0.0039505 0.291463
4100 0.0040505 0.318123
4200 0.0041505 0.328587
4300 0.0042505 0.363155
4400 0.0043505 0.370422
4500 0.0044505 0.395313
4600 0.0045505 0.40639
4700 0.0046505 0.421466
4800 0.0047505 0.420864
4900 0.0048505 0.435174
5000 0.0049505 0.426192
5100 0.0050505 0.40226
5200 0.0051505 0.38956
5300 0.0052505 0.366669
5400 0.0053505 0.361856
5500 0.0054505 0.346324
5600 0.0055505 0.343068
5700 0.0056505 0.327862
5800 0.0057505 0.32864
5900 0.0058505 0.335526
6000 0.0059505 0.3337
6100 0.0060505 0.349782
6200 0.0061505 0.361882
6300 0.0062505 0.391116
6400 0.0063505 0.409763
6500 0.0064505 0.458474
6600 0.0065505 0.465494
6700 0.0066505 0.480427
6800 0.0067505 0.500881
6900 0.0068505 0.501386
7000 0.0069505 0.498045
7100 0.0070505 0.505805
7200 0.0071505 0.482439
7300 0.0072505 0.500213
7400 0.0073505 0.458419
7500 0.0074505 0.452459
7600 0.0075505 0.442862
7700 0.0076505 0.425194
7800 0.0077505 0.409135
7900 0.0078505 0.403638
8000 0.0079505 0.393725
8100 0.0080505 0.406151
8200 0.0081505 0.419196
8300 0.0082505 0.440809
8400 0.0083505 0.465445
8500 0.0084505 0.483717
8600 0.0085505 0.510397
8700 0.0086505 0.527777
8800 0.0087505 0.556205
8900 0.0088505 0.572522
9000 0.0089505 0.582823
9100 0.0090505 0.583659
9200 0.0091505 0.589113
9300 0.0092505 0.580937
9400 0.0093505 0.578468
9500 0.0094505 0.577118
9600 0.0095505 0.552551
9700 0.0096505 0.532922
9800 0.0097505 0.493224
9900 0.0098505 0.483911
10000 0.0099505 0.486049
10100 0.0100505 0.48084
10200 0.0101505 0.489665
10300 0.0102505 0.498511
10400 0.0103505 0.51519
10500 0.0104505 0.528893
10600 0.0105505 0.545372
10700 0.0106505 0.567512
10800 0.0107505 0.593632
10900 0.0108505 0.60125
11000 0.0109505 0.628514
11100 0.0110505 0.650724
11200 0.0111505 0.674805
11300 0.0112505 0.679479
11400 0.0113505 0.673243
11500 0.0114505 0.656776
11600 0.0115505 0.643382
11700 0.0116505 0.621195
11800 0.0117505 0.603275
11900 0.0118505 0.610119
12000 0.0119505 0.582586
12100 0.0120505 0.573215
12200 0.0121505 0.579871
12300 0.0122505 0.564223
12400 0.0123505 0.571426
12500 0.0124505 0.58814
12600 0.0125505 0.59429
12700 0.0126505 0.585771
12800 0.0127505 0.633952
12900 0.0128505 0.672558
13000 0.0129505 0.692195
13100 0.0130505 0.706355
13200 0.0131505 0.725771
13300 0.0132505 0.73408
13400 0.0133505 0.741911
13500 0.0134505 0.737897
13600 0.0135505 0.735621
13700 0.0136505 0.729075
13800 0.0137505 0.72307
13900 0.0138505 0.709032
14000 0.0139505 0.696896
14100 0.0140505 0.683337
14200 0.0141505 0.664101
14300 0.0142505 0.65437
14400 0.0143505 0.635156
14500 0.0144505 0.636628
14600 0.0145505 0.663196
14700 0.0146505 0.662657
14800 0.0147505 0.685685
14900 0.0148505 0.706748
15000 0.0149505 0.743893
15100 0.0150505 0.749894
15200 0.0151505 0.770182
15300 0.0152505 0.785873
15400 0.0153505 0.79758
15500 0.0154505 0.800529
15600 0.0155505 0.830213
15700 0.0156505 0.826423
15800 0.0157505 0.822098
15900 0.0158505 0.82726
16000 0.0159505 0.803834
16100 0.0160505 0.779363
16200 0.0161505 0.769077
16300 0.0162505 0.758502
16400 0.0163505 0.729787
16500 0.0164505 0.721199
16600 0.0165505 0.721226
16700 0.0166505 0.756444
16800 0.0167505 0.746387
16900 0.0168505 0.760588
17000 0.0169505 0.770703
17100 0.0170505 0.795365
17200 0.0171505 0.803184
17300 0.0172505 0.840453
17400 0.0173505 0.855474
17500 0.0174505 0.889536
17600 0.0175505 0.895649
17700 0.0176505 0.89775
17800 0.0177505 0.909772
17900 0.0178505 0.908257
18000 0.0179505 0.896492
18100 0.0180505 0.871718
18200 0.0181505 0.846715
18300 0.0182505 0.849825
18400 0.0183505 0.848399
18500 0.0184505 0.840262
18600 0.0185505 0.816008
18700 0.0186505 0.814627
18800 0.0187505 0.809476
18900 0.0188505 0.819161
19000 0.0189505 0.820071
19100 0.0190505 0.84547
19200 0.0191505 0.855808
19300 0.0192505 0.880861
19400 0.0193505 0.908945
19500 0.0194505 0.927107
19600 0.0195505 0.969923
19700 0.0196505 0.969689
19800 0.0197505 0.98609
19900 0.0198505 0.958982
20000 0.0199505 0.973455
20100 0.0200505 0.981534
20200 0.0201505 0.959678
20300 0.0202505 0.975827
20400 0.0203505 0.970095
20500 0.0204505 0.942672
20600 0.0205505 0.914836
20700 0.0206505 0.904419
20800 0.0207505 0.904007
20900 0.0208505 0.895111
21000 0.0209505 0.894928
21100 0.0210505 0.892825
21200 0.0211505 0.921348
21300 0.0212505 0.940175
21400 0.0213505 0.980007
21500 0.0214505 0.975318
21600 0.0215505 0.993619
21700 0.0216505 1.02411
21800 0.0217505 1.02252
21900 0.0218505 1.02958
22000 0.0219505 1.05245
22100 0.0220505 1.07885
22200 0.0221505 1.06714
22300 0.0222505 1.05853
22400 0.0223505 1.06322
22500 0.0224505 1.03171
22600 0.0225505 1.03229
22700 0.0226505 1.00016
22800 0.0227505 0.9988
22900 0.0228505 0.98068
23000 0.0229505 0.97687
23100 0.0230505 0.990674
23200 0.0231505 1.00069
23300 0.0232505 1.01
23400 0.0233505 1.01693
23500 0.0234505 1.01313
23600 0.0235505 1.03941
23700 0.0236505 1.06178
23800 0.0237505 1.08612
23900 0.0238505 1.09547
24000 0.0239505 1.11619
24100 0.0240505 1.12959
24200 0.0241505 1.15017
24300 0.0242505 1.12841
24400 0.0243505 1.13713
24500 0.0244505 1.13112
24600 0.0245505 1.10718
24700 0.0246505 1.10323
24800 0.0247505 1.09734
24900 0.0248505 1.10421
25000 0.0249505 1.09479
25100 0.0250505 1.10184
25200 0.0251505 1.07746
25300 0.0252505 1.06965
25400 0.0253505 1.08725
25500 0.0254505 1.08448
25600 0.0255505 1.09718
25700 0.0256505 1.11158
25800 0.0257505 1.13531
25900 0.0258505 1.16715
26000 0.0259505 1.17789
26100 0.0260505 1.19013
26200 0.0261505 1.21846
26300 0.0262505 1.20094
26400 0.0263505 1.20328
26500 0.0264505 1.21155
26600 0.0265505 1.21646
26700 0.0266505 1.20632
26800 0.0267505 1.22197
26900 0.0268505 1.20882
27000 0.0269505 1.19784
27100 0.0270505 1.17845
27200 0.0271505 1.16366
27300 0.0272505 1.16459
27400 0.0273505 1.16728
27500 0.0274505 1.16152
27600 0.0275505 1.16372
27700 0.0276505 1.16918
27800 0.0277505 1.19647
27900 0.0278505 1.21531
28000 0.0279505 1.23375
28100 0.0280505 1.23657
28200 0.0281505 1.25476
28300 0.0282505 1.26456
28400 0.0283505 1.28031
28500 0.0284505 1.30709
28600 0.0285505 1.3091
28700 0.0286505 1.3139
28800 0.0287505 1.31106
28900 0.0288505 1.30728
29000 0.0289505 1.29647
29100 0.0290505 1.2921
29200 0.0291505 1.28496
29300 0.0292505 1.25306
29400 0.0293505 1.25436
29500 0.0294505 1.25026
29600 0.0295505 1.25041
29700 0.0296505 1.26084
29800 0.0297505 1.25707
29900 0.0298505 1.25972
30000 0.0299505 1.27403
30100 0.0300505 1.27573
30200 0.0301505 1.29274
30300 0.0302505 1.32472
30400 0.0303505 1.34324
30500 0.0304505 1.36333
30600 0.0305505 1.37846
30700 0.0306505 1.3975
30800 0.0307505 1.39891
30900 0.0308505 1.38999
31000 0.0309505 1.39297
31100 0.0310505 1.3894
31200 0.0311505 1.37482
31300 0.0312505 1.36841
31400 0.0313505 1.38047
31500 0.0314505 1.37052
31600 0.0315505 1.35661
31700 0.0316505 1.34903
31800 0.0317505 1.32696
31900 0.0318505 1.32814
32000 0.0319505 1.34615
32100 0.0320505 1.35261
32200 0.0321505 1.35729
32300 0.0322505 1.36617
32400 0.0323505 1.38976
32500 0.0324505 1.41829
32600 0.0325505 1.44012
32700 0.0326505 1.45425
32800 0.0327505 1.44482
32900 0.0328505 1.45145
33000 0.0329505 1.46118
33100 0.0330505 1.47833
33200 0.0331505 1.49476
33300 0.0332505 1.50222
33400 0.0333505 1.48128
33500 0.0334505 1.46532
33600 0.0335505 1.46127
33700 0.0336505 1.44707
33800 0.0337505 1.43413
33900 0.0338505 1.42454
34000 0.0339505 1.42646
34100 0.0340505 1.42728
34200 0.0341505 1.43934
34300 0.0342505 1.44586
34400 0.0343505 1.46162
34500 0.0344505 1.47756
34600 0.0345505 1.4845
34700 0.0346505 1.4988
34800 0.0347505 1.51832
34900 0.0348505 1.5465
35000 0.0349505 1.56654
35100 0.0350505 1.56098
35200 0.0351505 1.57303
35300 0.0352505 1.58637
35400 0.0353505 1.5675
35500 0.0354505 1.57718
35600 0.0355505 1.56079
35700 0.0356505 1.55316
35800 0.0357505 1.54175
35900 0.0358505 1.536
36000 0.0359505 1.54978
36100 0.0360505 1.54212
36200 0.0361505 1.525
36300 0.0362505 1.52452
36400 0.0363505 1.5103
36500 0.0364505 1.5171
36600 0.0365505 1.54278
36700 0.0366505 1.54682
36800 0.0367505 1.57505
36900 0.0368505 1.58413
37000 0.0369505 1.6216
37100 0.0370505 1.62973
37200 0.0371505 1.64858
37300 0.0372505 1.65304
37400 0.0373505 1.66554
37500 0.0374505 1.65841
37600 0.0375505 1.67195
37700 0.0376505 1.66527
37800 0.0377505 1.65793
37900 0.0378505 1.64802
38000 0.0379505 1.64331
38100 0.0380505 1.62405
38200 0.0381505 1.62462
38300 0.0382505 1.60778
38400 0.0383505 1.60525
38500 0.0384505 1.597
38600 0.0385505 1.60881
38700 0.0386505 1.60908
38800 0.0387505 1.62436
38900 0.0388505 1.64107
39000 0.0389505 1.67007
39100 0.0390505 1.67912
39200 0.0391505 1.6854
39300 0.0392505 1.70353
39400 0.0393505 1.71395
39500 0.0394505 1.73595
39600 0.0395505 1.75914
39700 0.0396505 1.75107
39800 0.0397505 1.74941
39900 0.0398505 1.74408
40000 0.0399505 1.73003
40100 0.0400505 1.75358
40200 0.0401505 1.71819
40300 0.0402505 1.71192
40400 0.0403505 1.69094
40500 0.0404505 1.69149
40600 0.0405505 1.70425
40700 0.0406505 1.72107
40800 0.0407505 1.7109
40900 0.0408505 1.71169
41000 0.0409505 1.72595
41100 0.0410505 1.71894
41200 0.0411505 1.74675
41300 0.0412505 1.78083
41400 0.0413505 1.78582
41500 0.0414505 1.80806
41600 0.0415505 1.81227
41700 0.0416505 1.83606
41800 0.0417505 1.84778
41900 0.0418505 1.8472
42000 0.0419505 1.84603
42100 0.0420505 1.82863
42200 0.0421505 1.81141
42300 0.0422505 1.82327
42400 0.0423505 1.82484
42500 0.0424505 1.81528
42600 0.0425505 1.79785
42700 0.0426505 1.78917
42800 0.0427505 1.77215
42900 0.0428505 1.7805
43000 0.0429505 1.80568
43100 0.0430505 1.79296
43200 0.0431505 1.80917
43300 0.0432505 1.82154
43400 0.0433505 1.84584
43500 0.0434505 1.86197
43600 0.0435505 1.87669
43700 0.0436505 1.90179
43800 0.0437505 1.90814
43900 0.0438505 1.91438
44000 0.0439505 1.90979
44100 0.0440505 1.92649
44200 0.0441505 1.92305
44300 0.0442505 1.93662
44400 0.0443505 1.92266
44500 0.0444505 1.89903
44600 0.0445505 1.89434
44700 0.0446505 1.89599
44800 0.0447505 1.88483
44900 0.0448505 1.88044
45000 0.0449505 1.87157
45100 0.0450505 1.86509
45200 0.0451505 1.88284
45300 0.0452505 1.90164
45400 0.0453505 1.91675
45500 0.0454505 1.93369
45600 0.0455505 1.94262
45700 0.0456505 1.94247
45800 0.0457505 1.9663
45900 0.0458505 1.98027
46000 0.0459505 2.01479
46100 0.0460505 2.01581
46200 0.0461505 2.0055
46300 0.0462505 2.01449
46400 0.0463505 2.01951
46500 0.0464505 2.01132
46600 0.0465505 2.01319
46700 0.0466505 2.00054
46800 0.0467505 1.97265
46900 0.0468505 1.97076
47000 0.0469505 1.97252
47100 0.0470505 1.96563
47200 0.0471505 1.97598
47300 0.0472505 1.9633
47400 0.0473505 1.95366
47500 0.0474505 1.97031
47600 0.0475505 1.99118
47700 0.0476505 2.01603
47800 0.0477505 2.03151
47900 0.0478505 2.04231
48000 0.0479505 2.07084
48100 0.0480505 2.07706
48200 0.0481505 2.09645
48300 0.0482505 2.1111
48400 0.0483505 2.11127
48500 0.0484505 2.10926
48600 0.0485505 2.10715
48700 0.0486505 2.10222
48800 0.0487505 2.08738
48900 0.0488505 2.09505
49000 0.0489505 2.08559
49100 0.0490505 2.07558
49200 0.0491505 2.06492
49300 0.0492505 2.07296
49400 0.0493505 2.06029
49500 0.0494505 2.05047
49600 0.0495505 2.05248
49700 0.0496505 2.06371
49800 0.0497505 2.08414
49900 0.0498505 2.10242
50000 0.0499505 2.12196
50100 0.0500505 2.14039
50200 0.0501505 2.15796
50300 0.0502505 2.16273
50400 0.0503505 2.18034
50500 0.0504505 2.18046
50600 0.0505505 2.20136
50700 0.0506505 2.20411
50800 0.0507505 2.20419
50900 0.0508505 2.19106
51000 0.0509505 2.19632
51100 0.0510505 2.18894
51200 0.0511505 2.20015
51300 0.0512505 2.18308
51400 0.0513505 2.15935
51500 0.0514505 2.1414
51600 0.0515505 2.14615
51700 0.0516505 2.15504
51800 0.0517505 2.16527
51900 0.0518505 2.16909
52000 0.0519505 2.19439
52100 0.0520505 2.19339
52200 0.0521505 2.2048
52300 0.0522505 2.232
52400 0.0523505 2.23337
52500 0.0524505 2.26275
52600 0.0525505 2.27511
52700 0.0526505 2.27614
52800 0.0527505 2.29437
52900 0.0528505 2.29651
53000 0.0529505 2.29875
53100 0.0530505 2.28404
53200 0.0531505 2.27845
53300 0.0532505 2.27857
53400 0.0533505 2.26806
53500 0.0534505 2.27043
53600 0.0535505 2.25991
53700 0.0536505 2.24494
53800 0.0537505 2.25189
53900 0.0538505 2.25816
54000 0.0539505 2.26229
54100 0.0540505 2.26062
54200 0.0541505 2.27523
54300 0.0542505 2.26864
54400 0.0543505 2.29285
54500 0.0544505 2.3208
54600 0.0545505 2.3394
54700 0.0546505 2.3517
54800 0.0547505 2.3593
54900 0.0548505 2.38111
55000 0.0549505 2.37651
55100 0.0550505 2.38169
55200 0.0551505 2.38212
55300 0.0552505 2.39224
55400 0.0553505 2.36632
55500 0.0554505 2.3711
55600 0.0555505 2.36818
55700 0.0556505 2.36574
55800 0.0557505 2.35477
55900 0.0558505 2.33065
56000 0.0559505 2.32995
56100 0.0560505 2.33381
56200 0.0561505 2.34197
56300 0.0562505 2.3579
56400 0.0563505 2.36523
56500 0.0564505 2.36417
56600 0.0565505 2.39032
56700 0.0566505 2.40728
56800 0.0567505 2.42354
56900 0.0568505 2.43141
57000 0.0569505 2.45941
57100 0.0570505 2.45816
57200 0.0571505 2.47383
57300 0.0572505 2.48581
57400 0.0573505 2.4776
57500 0.0574505 2.48633
57600 0.0575505 2.46839
57700 0.0576505 2.47568
57800 0.0577505 2.46573
57900 0.0578505 2.45651
58000 0.0579505 2.43994
58100 0.0580505 2.4395
58200 0.0581505 2.43419
58300 0.0582505 2.41615
58400 0.0583505 2.43608
58500 0.0584505 2.44993
58600 0.0585505 2.46824
58700 0.0586505 2.47504
58800 0.0587505 2.47096
58900 0.0588505 2.49915
59000 0.0589505 2.50318
59100 0.0590505 2.52428
59200 0.0591505 2.55475
59300 0.0592505 2.57319
59400 0.0593505 2.58807
59500 0.0594505 2.5808
59600 0.0595505 2.56004
59700 0.0596505 2.57708
59800 0.0597505 2.5901
59900 0.0598505 2.56528
60000 0.0599505 2.55977
60100 0.0600505 2.55213
60200 0.0601505 2.53623
60300 0.0602505 2.53313
60400 0.0603505 2.5383
60500 0.0604505 2.53415
60600 0.0605505 2.53793
60700 0.0606505 2.53119
60800 0.0607505 2.54784
60900 0.0608505 2.55946
61000 0.0609505 2.57897
61100 0.0610505 2.61316
61200 0.0611505 2.6309
61300 0.0612505 2.64119
61400 0.0613505 2.65069
61500 0.0614505 2.6577
61600 0.0615505 2.66428
61700 0.0616505 2.66915
61800 0.0617505 2.67572
61900 0.0618505 2.66298
62000 0.0619505 2.66857
62100 0.0620505 2.65225
62200 0.0621505 2.65142
62300 0.0622505 2.65065
62400 0.0623505 2.65306
62500 0.0624505 2.63484
62600 0.0625505 2.61885
62700 0.0626505 2.61663
62800 0.0627505 2.63051
62900 0.0628505 2.63378
63000 0.0629505 2.64484
63100 0.0630505 2.6564
63200 0.0631505 2.67774
63300 0.0632505 2.70406
63400 0.0633505 2.71313
63500 0.0634505 2.72725
63600 0.0635505 2.72924
63700 0.0636505 2.74373
63800 0.0637505 2.76432
63900 0.0638505 2.76753
64000 0.0639505 2.776
64100 0.0640505 2.76826
64200 0.0641505 2.75527
64300 0.0642505 2.73874
64400 0.0643505 2.73036
64500 0.0644505 2.73637
64600 0.0645505 2.73302
64700 0.0646505 2.73065
64800 0.0647505 2.72712
64900 0.0648505 2.71936
65000 0.0649505 2.73233
65100 0.0650505 2.72912
65200 0.0651505 2.73393
65300 0.0652505 2.7458
65400 0.0653505 2.76068
65500 0.0654505 2.77013
65600 0.0655505 2.80016
65700 0.0656505 2.81924
65800 0.0657505 2.84403
65900 0.0658505 2.85627
66000 0.0659505 2.85123
66100 0.0660505 2.86715
66200 0.0661505 2.87226
66300 0.0662505 2.87882
66400 0.0663505 2.85202
66500 0.0664505 2.85519
66600 0.0665505 2.8392
66700 0.0666505 2.83731
66800 0.0667505 2.8421
66900 0.0668505 2.82006
67000 0.0669505 2.8156
67100 0.0670505 2.81015
67200 0.0671505 2.79826
67300 0.0672505 2.80554
67400 0.0673505 2.8286
67500 0.0674505 2.84167
67600 0.0675505 2.86335
67700 0.0676505 2.86687
67800 0.0677505 2.86244
67900 0.0678505 2.8901
68000 0.0679505 2.92821
68100 0.0680505 2.91918
68200 0.0681505 2.9434
68300 0.0682505 2.95202
68400 0.0683505 2.96241
68500 0.0684505 2.97012
68600 0.0685505 2.97541
68700 0.0686505 2.95035
68800 0.0687505 2.93562
68900 0.0688505 2.92259
69000 0.0689505 2.91696
69100 0.0690505 2.92059
69200 0.0691505 2.9055
69300 0.0692505 2.93016
69400 0.0693505 2.93458
69500 0.0694505 2.9154
69600 0.0695505 2.90926
69700 0.0696505 2.91785
69800 0.0697505 2.94773
69900 0.0698505 2.94488
70000 0.0699505 2.96248
70100 0.0700505 2.98316
70200 0.0701505 3.01293
70300 0.0702505 3.03695
70400 0.0703505 3.0538
70500 0.0704505 3.05078
70600 0.0705505 3.0422
70700 0.0706505 3.0391
70800 0.0707505 3.03125
70900 0.0708505 3.04581
71000 0.0709505 3.06177
71100 0.0710505 3.05987
71200 0.0711505 3.03814
71300 0.0712505 3.0203
71400 0.0713505 3.00715
71500 0.0714505 3.00647
71600 0.0715505 3.00172
71700 0.0716505 3.01317
71800 0.0717505 3.02079
71900 0.0718505 3.04518
72000 0.0719505 3.06194
72100 0.0720505 3.07272
72200 0.0721505 3.07064
72300 0.0722505 3.09927
72400 0.0723505 3.10625
72500 0.0724505 3.1136
72600 0.0725505 3.12789
72700 0.0726505 3.12252
72800 0.0727505 3.12999
72900 0.0728505 3.13386
73000 0.0729505 3.14653
73100 0.0730505 3.1501
73200 0.0731505 3.13525
73300 0.0732505 3.13631
73400 0.0733505 3.11382
73500 0.0734505 3.10028
73600 0.0735505 3.10368
73700 0.0736505 3.09243
73800 0.0737505 3.10127
73900 0.0738505 3.09141
74000 0.0739505 3.12206
74100 0.0740505 3.13971
74200 0.0741505 3.14032
74300 0.0742505 3.14033
74400 0.0743505 3.14906
74500 0.0744505 3.18115
74600 0.0745505 3.19064
74700 0.0746505 3.21551
74800 0.0747505 3.23716
74900 0.0748505 3.23923
75000 0.0749505 3.2229
75100 0.0750505 3.23452
75200 0.0751505 3.24519
75300 0.0752505 3.23441
75400 0.0753505 3.22401
75500 0.0754505 3.20295
75600 0.0755505 3.17996
75700 0.0756505 3.19869
75800 0.0757505 3.19857
75900 0.0758505 3.18768
76000 0.0759505 3.18863
76100 0.0760505 3.20801
76200 0.0761505 3.21457
76300 0.0762505 3.22011
76400 0.0763505 3.22241
76500 0.0764505 3.24251
76600 0.0765505 3.2469
76700 0.0766505 3.26408
76800 0.0767505 3.29132
76900 0.0768505 3.30562
77000 0.0769505 3.31907
77100 0.0770505 3.31385
77200 0.0771505 3.31903
77300 0.0772505 3.31573
77400 0.0773505 3.32237
77500 0.0774505 3.35299
77600 0.0775505 3.35106
77700 0.0776505 3.34157
77800 0.0777505 3.32481
77900 0.0778505 3.31009
78000 0.0779505 3.29157
78100 0.0780505 3.2993
78200 0.0781505 3.29143
78300 0.0782505 3.29583
78400 0.0783505 3.30784
78500 0.0784505 3.31018
78600 0.0785505 3.31945
78700 0.0786505 3.31394
78800 0.0787505 3.34905
78900 0.0788505 3.36396
79000 0.0789505 3.35775
79100 0.0790505 3.37381
79200 0.0791505 3.3896
79300 0.0792505 3.39502
79400 0.0793505 3.42167
79500 0.0794505 3.41714
79600 0.0795505 3.42421
79700 0.0796505 3.42427
79800 0.0797505 3.42318
79900 0.0798505 3.40752
80000 0.0799505 3.401
80100 0.0800505 3.40175
80200 0.0801505 3.38599
80300 0.0802505 3.37302
80400 0.0803505 3.39862
80500 0.0804505 3.39238
80600 0.0805505 3.40859
80700 0.0806505 3.40703
80800 0.0807505 3.41994
80900 0.0808505 3.42922
81000 0.0809505 3.42208
81100 0.0810505 3.43382
81200 0.0811505 3.45342
81300 0.0812505 3.4595
81400 0.0813505 3.49468
81500 0.0814505 3.51068
81600 0.0815505 3.51109
81700 0.0816505 3.52137
81800 0.0817505 3.51231
81900 0.0818505 3.50317
82000 0.0819505 3.48376
82100 0.0820505 3.49927
82200 0.0821505 3.51203
82300 0.0822505 3.50693
82400 0.0823505 3.5101
82500 0.0824505 3.5073
82600 0.0825505 3.48901
82700 0.0826505 3.47767
82800 0.0827505 3.48671
82900 0.0828505 3.48526
83000 0.0829505 3.49498
83100 0.0830505 3.50624
83200 0.0831505 3.51822
83300 0.0832505 3.55164
83400 0.0833505 3.57477
83500 0.0834505 3.57747
83600 0.0835505 3.57281
83700 0.0836505 3.57935
83800 0.0837505 3.57394
83900 0.0838505 3.57666
84000 0.0839505 3.58468
84100 0.0840505 3.59634
84200 0.0841505 3.61812
84300 0.0842505 3.61246
84400 0.0843505 3.60736
84500 0.0844505 3.59809
84600 0.0845505 3.5891
84700 0.0846505 3.55454
84800 0.0847505 3.55272
84900 0.0848505 3.57244
85000 0.0849505 3.58967
85100 0.0850505 3.60519
85200 0.0851505 3.61093
85300 0.0852505 3.61676
85400 0.0853505 3.6288
85500 0.0854505 3.63232
85600 0.0855505 3.64403
85700 0.0856505 3.67827
85800 0.0857505 3.68183
85900 0.0858505 3.70261
86000 0.0859505 3.69562
86100 0.0860505 3.6891
86200 0.0861505 3.71945
86300 0.0862505 3.73682
86400 0.0863505 3.72756
86500 0.0864505 3.70039
86600 0.0865505 3.67332
86700 0.0866505 3.66548
86800 0.0867505 3.68269
86900 0.0868505 3.6701
87000 0.0869505 3.68175
87100 0.0870505 3.68362
87200 0.0871505 3.68758
87300 0.0872505 3.69685
87400 0.0873505 3.66725
87500 0.0874505 3.661
87600 0.0875505 3.69093
87700 0.0876505 3.69277
87800 0.0877505 3.71673
87900 0.0878505 3.72456
88000 0.0879505 3.76775
88100 0.0880505 3.79877
88200 0.0881505 3.81374
88300 0.0882505 3.81973
88400 0.0883505 3.78848
88500 0.0884505 3.80733
88600 0.0885505 3.78346
88700 0.0886505 3.79413
88800 0.0887505 3.79695
88900 0.0888505 3.80502
89000 0.0889505 3.80053
89100 0.0890505 3.78492
89200 0.0891505 3.78444
89300 0.0892505 3.79459
89400 0.0893505 3.78941
89500 0.0894505 3.7841
89600 0.0895505 3.78099
89700 0.0896505 3.77951
89800 0.0897505 3.81087
89900 0.0898505 3.81863
90000 0.0899505 3.8268
90100 0.0900505 3.85212
90200 0.0901505 3.86341
90300 0.0902505 3.88996
90400 0.0903505 3.88491
90500 0.0904505 3.89531
90600 0.0905505 3.90671
90700 0.0906505 3.90485
90800 0.0907505 3.90314
90900 0.0908505 3.91051
91000 0.0909505 3.92219
91100 0.0910505 3.92875
91200 0.0911505 3.92363
91300 0.0912505 3.87661
91400 0.0913505 3.86391
91500 0.0914505 3.85914
91600 0.0915505 3.86445
91700 0.0916505 3.90289
91800 0.0917505 3.90774
91900 0.0918505 3.92717
92000 0.0919505 3.91718
92100 0.0920505 3.92782
92200 0.0921505 3.9267
92300 0.0922505 3.93891
92400 0.0923505 3.96102
92500 0.0924505 3.96555
92600 0.0925505 3.99525
92700 0.0926505 3.99713
92800 0.0927505 4.01646
92900 0.0928505 4.03435
93000 0.0929505 4.03235
93100 0.0930505 4.01374
93200 0.0931505 4.00002
93300 0.0932505 3.97624
93400 0.0933505 4.00248
93500 0.0934505 3.99789
93600 0.0935505 4.00217
93700 0.0936505 4.00098
93800 0.0937505 3.98632
93900 0.0938505 3.99703
94000 0.0939505 3.99015
94100 0.0940505 3.99415
94200 0.0941505 4.00516
94300 0.0942505 4.00291
94400 0.0943505 4.02403
94500 0.0944505 4.03829
94600 0.0945505 4.06491
94700 0.0946505 4.0947
94800 0.0947505 4.10954
94900 0.0948505 4.11852
95000 0.0949505 4.10514
95100 0.0950505 4.09822
95200 0.0951505 4.09952
95300 0.0952505 4.11355
95400 0.0953505 4.11967
95500 0.0954505 4.11417
95600 0.0955505 4.10627
95700 0.0956505 4.09851
95800 0.0957505 4.10713
95900 0.0958505 4.09815
96000 0.0959505 4.08479
96100 0.0960505 4.08255
96200 0.0961505 4.08042
96300 0.0962505 4.07995
96400 0.0963505 4.10222
96500 0.0964505 4.12554
96600 0.0965505 4.14539
96700 0.0966505 4.12052
96800 0.0967505 4.15836
96900 0.0968505 4.17064
97000 0.0969505 4.17924
97100 0.0970505 4.1797
97200 0.0971505 4.18299
97300 0.0972505 4.18807
97400 0.0973505 4.2205
97500 0.0974505 4.23215
97600 0.0975505 4.22502
97700 0.0976505 4.2301
97800 0.0977505 4.20882
97900 0.0978505 4.20048
98000 0.0979505 4.18
98100 0.0980505 4.1838
98200 0.0981505 4.19227
98300 0.0982505 4.19724
98400 0.0983505 4.19015
98500 0.0984505 4.20178
98600 0.0985505 4.19383
98700 0.0986505 4.19922
98800 0.0987505 4.20343
98900 0.0988505 4.22166
99000 0.0989505 4.21708
99100 0.0990505 4.25163
99200 0.0991505 4.27415
99300 0.0992505 4.26905
99400 0.0993505 4.28266
99500 0.0994505 4.31682
99600 0.0995505 4.32559
99700 0.0996505 4.3086
99800 0.0997505 4.29025
99900 0.0998505 4.29469
100000 0.0999505 4.27974
100100 0.100051 4.29467
100200 0.100151 4.33478
100300 0.100251 4.3191
100400 0.100351 4.29417
100500 0.100451 4.32575
100600 0.100551 4.31628
100700 0.100651 4.30318
100800 0.100751 4.28966
100900 0.10085 4.29113
101000 0.100951 4.30442
101100 0.101051 4.31292
101200 0.101151 4.32577
101300 0.101251 4.35601
101400 0.101351 4.36064
101500 0.101451 4.37285
101600 0.101551 4.39124
101700 0.101651 4.36861
101800 0.10175 4.36924
101900 0.101851 4.39061
102000 0.10195 4.4006
102100 0.102051 4.41673
102200 0.102151 4.43302
102300 0.102251 4.43564
102400 0.102351 4.41346
102500 0.102451 4.43041
102600 0.102551 4.41041
102700 0.102651 4.39532
102800 0.102751 4.38497
102900 0.102851 4.3895
103000 0.102951 4.40226
103100 0.10305 4.40675
103200 0.103151 4.41144
103300 0.103251 4.41271
103400 0.103351 4.4454
103500 0.103451 4.44567
103600 0.103551 4.47067
103700 0.103651 4.45548
103800 0.103751 4.46871
103900 0.103851 4.47659
104000 0.103951 4.49046
104100 0.104051 4.50606
104200 0.104151 4.52755
104300 0.104251 4.52039
104400 0.10435 4.51816
104500 0.10445 4.52067
104600 0.104551 4.49573
104700 0.104651 4.48869
104800 0.104751 4.51016
104900 0.104851 4.50015
105000 0.104951 4.50971
105100 0.105051 4.49886
105200 0.105151 4.49426
105300 0.105251 4.49647
105400 0.105351 4.52443
105500 0.105451 4.52663
105600 0.105551 4.51237
105700 0.105651 4.52112
105800 0.105751 4.55232
105900 0.105851 4.55268
106000 0.105951 4.56957
106100 0.10605 4.57967
106200 0.106151 4.59058
106300 0.106251 4.60266
106400 0.106351 4.59547
106500 0.106451 4.60998
106600 0.106551 4.61859
106700 0.106651 4.62429
106800 0.106751 4.62455
106900 0.106851 4.61464
107000 0.106951 4.60538
107100 0.10705 4.63269
107200 0.10715 4.62777
107300 0.107251 4.61018
107400 0.107351 4.59563
107500 0.107451 4.58349
107600 0.107551 4.59528
107700 0.107651 4.60749
107800 0.10775 4.60009
107900 0.107851 4.61415
108000 0.107951 4.64732
108100 0.108051 4.65434
108200 0.108151 4.66319
108300 0.108251 4.67712
108400 0.108351 4.6928
108500 0.108451 4.70797
108600 0.108551 4.69028
108700 0.10865 4.72556
108800 0.108751 4.72117
108900 0.108851 4.74112
109000 0.108951 4.72109
109100 0.109051 4.72152
109200 0.109151 4.69607
109300 0.109251 4.70306
109400 0.109351 4.68588
109500 0.109451 4.69743
109600 0.109551 4.71774
109700 0.10965 4.71075
109800 0.109751 4.72136
109900 0.109851 4.70748
110000 0.109951 4.7244
110100 0.110051 4.73369
110200 0.110151 4.7319
110300 0.110251 4.72303
110400 0.110351 4.72887
110500 0.110451 4.75076
110600 0.110551 4.7873
110700 0.110651 4.80255
110800 0.11075 4.83324
110900 0.110851 4.84771
111000 0.110951 4.84263
111100 0.111051 4.81553
111200 0.111151 4.8227
111300 0.111251 4.814
111400 0.11135 4.8288
111500 0.111451 4.83177
111600 0.111551 4.80386
111700 0.111651 4.82629
111800 0.111751 4.82616
111900 0.111851 4.81765
112000 0.111951 4.80054
112100 0.112051 4.79014
112200 0.112151 4.80003
112300 0.112251 4.82539
112400 0.112351 4.8237
112500 0.112451 4.83609
112600 0.112551 4.86918
112700 0.112651 4.8851
112800 0.112751 4.88592
112900 0.11285 4.8773
113000 0.11295 4.8886
113100 0.113051 4.91532
113200 0.113151 4.93389
113300 0.113251 4.92585
113400 0.113351 4.92427
113500 0.113451 4.93726
113600 0.113551 4.95386
113700 0.113651 4.9516
113800 0.113751 4.93799
113900 0.113851 4.92057
114000 0.113951 4.91302
114100 0.114051 4.90035
114200 0.114151 4.89605
114300 0.114251 4.90761
114400 0.114351 4.90935
114500 0.114451 4.93582
114600 0.114551 4.94289
114700 0.114651 4.94723
114800 0.11475 4.94413
114900 0.114851 4.95717
115000 0.114951 4.97257
115100 0.115051 4.96773
115200 0.115151 4.99557
115300 0.115251 5.01746
115400 0.115351 5.03263
115500 0.115451 5.03633
115600 0.115551 5.03452
115700 0.115651 5.04715
115800 0.115751 5.03779
115900 0.115851 5.0224
116000 0.115951 5.01657
116100 0.116051 5.00285
116200 0.116151 5.02294
116300 0.116251 5.03128
116400 0.116351 5.04163
116500 0.116451 5.03269
116600 0.116551 5.02073
116700 0.116651 5.0308
116800 0.116751 5.02181
116900 0.116851 5.02626
117000 0.116951 5.02589
117100 0.117051 5.04306
117200 0.117151 5.07462
117300 0.117251 5.11377
117400 0.11735 5.11944
117500 0.117451 5.11801
117600 0.117551 5.13437
117700 0.117651 5.13384
117800 0.117751 5.11833
117900 0.117851 5.11823
118000 0.117951 5.12156
118100 0.118051 5.1078
118200 0.11815 5.13177
118300 0.118251 5.14787
118400 0.118351 5.13163
118500 0.118451 5.12577
118600 0.118551 5.1053
118700 0.118651 5.11082
118800 0.118751 5.09079
118900 0.118851 5.09695
119000 0.118951 5.12336
119100 0.119051 5.15324
119200 0.119151 5.15729
119300 0.119251 5.15395
119400 0.119351 5.16248
119500 0.119451 5.14861
119600 0.119551 5.17751
119700 0.119651 5.20583
119800 0.11975 5.20417
119900 0.11985 5.22343
120000 0.119951 5.22604
120100 0.120051 5.22533
120200 0.120151 5.21757
120300 0.120251 5.24083
120400 0.120351 5.2411
120500 0.120451 5.23707
120600 0.120551 5.23496
120700 0.120651 5.22959
120800 0.120751 5.21602
120900 0.120851 5.19888
121000 0.120951 5.20805
121100 0.121051 5.2102
121200 0.121151 5.21898
121300 0.121251 5.21643
121400 0.121351 5.23116
121500 0.121451 5.23318
121600 0.121551 5.23593
121700 0.121651 5.25628
121800 0.121751 5.28794
121900 0.121851 5.30126
122000 0.121951 5.32274
122100 0.122051 5.31125
122200 0.122151 5.31636
122300 0.122251 5.31192
122400 0.122351 5.3332
122500 0.12245 5.3378
122600 0.122551 5.31825
122700 0.122651 5.31035
122800 0.122751 5.32003
122900 0.122851 5.34002
123000 0.122951 5.32627
123100 0.123051 5.33175
123200 0.123151 5.31459
123300 0.123251 5.2919
123400 0.123351 5.29844
123500 0.123451 5.32183
123600 0.123551 5.33353
123700 0.123651 5.33657
123800 0.123751 5.36307
123900 0.123851 5.37016
124000 0.123951 5.38183
124100 0.124051 5.38211
124200 0.124151 5.38514
124300 0.124251 5.3816
124400 0.124351 5.41658
124500 0.124451 5.41259
124600 0.124551 5.4208
124700 0.124651 5.41737
124800 0.124751 5.43535
124900 0.124851 5.44135
125000 0.124951 5.42484
125100 0.125051 5.42724
125200 0.125151 5.44169
125300 0.125251 5.41813
125400 0.125351 5.4115
125500 0.125451 5.41048
125600 0.125551 5.43893
125700 0.125651 5.44752
125800 0.125751 5.45263
125900 0.125851 5.44084
126000 0.125951 5.42508
126100 0.126051 5.46311
126200 0.126151 5.45657
126300 0.126251 5.47362
126400 0.126351 5.46968
126500 0.126451 5.49224
126600 0.126551 5.51293
126700 0.126651 5.50668
126800 0.126751 5.50035
126900 0.126851 5.526
127000 0.126951 5.53416
127100 0.127051 5.53339
127200 0.127151 5.52402
127300 0.127251 5.52151
127400 0.127351 5.51105
127500 0.127451 5.50361
127600 0.127551 5.50203
127700 0.127651 5.50566
127800 0.127751 5.52893
127900 0.127851 5.53253
128000 0.127951 5.53813
128100 0.128051 5.52971
128200 0.128151 5.53056
128300 0.128251 5.52533
128400 0.128351 5.55872
128500 0.128451 5.56889
128600 0.128551 5.59474
128700 0.128651 5.6214
128800 0.128751 5.61151
128900 0.128851 5.61947
129000 0.128951 5.62729
129100 0.129051 5.62426
129200 0.129151 5.6101
129300 0.129251 5.60561
129400 0.129351 5.60565
129500 0.129451 5.61659
129600 0.129551 5.62803
129700 0.129651 5.62145
129800 0.129751 5.6091
129900 0.129851 5.61829
130000 0.129951 5.60932
130100 0.130051 5.61596
130200 0.130151 5.62176
130300 0.13025 5.60549
130400 0.130351 5.64637
130500 0.130451 5.63313
130600 0.130551 5.65989
130700 0.130651 5.67907
130800 0.130751 5.67998
130900 0.130851 5.69268
131000 0.130951 5.70423
131100 0.131051 5.72697
131200 0.131151 5.72321
131300 0.131251 5.71632
131400 0.131351 5.69709
131500 0.131451 5.71135
131600 0.131551 5.74769
131700 0.131651 5.74847
131800 0.131751 5.74538
131900 0.131851 5.73664
132000 0.131951 5.70881
132100 0.132051 5.71955
132200 0.132151 5.71881
132300 0.132251 5.71658
132400 0.132351 5.71724
132500 0.132451 5.708
132600 0.132551 5.71833
132700 0.132651 5.71889
132800 0.132751 5.74404
132900 0.132851 5.74665
133000 0.132951 5.7706
133100 0.133051 5.7884
133200 0.133151 5.7755
133300 0.133251 5.80257
133400 0.133351 5.8138
133500 0.133451 5.83355
133600 0.133551 5.82061
133700 0.133651 5.84624
133800 0.133751 5.85727
133900 0.133851 5.84548
134000 0.133951 5.84983
134100 0.134051 5.8499
134200 0.134151 5.85869
134300 0.134251 5.8287
134400 0.134351 5.82374
134500 0.134451 5.82221
134600 0.134551 5.82135
134700 0.134651 5.81018
134800 0.134751 5.82554
134900 0.134851 5.82025
135000 0.134951 5.82048
135100 0.135051 5.82607
135200 0.135151 5.85628
135300 0.135251 5.86814
135400 0.135351 5.87867
135500 0.135451 5.89799
135600 0.135551 5.90759
135700 0.135651 5.89693
135800 0.135751 5.91746
135900 0.135851 5.94273
136000 0.135951 5.92478
136100 0.136051 5.92095
136200 0.136151 5.93108
136300 0.136251 5.94559
136400 0.136351 5.97703
136500 0.136451 5.96379
136600 0.136551 5.93124
136700 0.136651 5.91634
136800 0.136751 5.9244
136900 0.136851 5.92348
137000 0.136951 5.93888
137100 0.137051 5.93822
137200 0.137151 5.93282
137300 0.137251 5.95423
137400 0.137351 5.97191
137500 0.137451 5.96511
137600 0.137551 5.98502
137700 0.137651 5.97274
137800 0.137751 5.9922
137900 0.13785 5.99807
138000 0.137951 6.02123
138100 0.138051 6.0293
138200 0.138151 6.04063
138300 0.138251 6.04093
138400 0.138351 6.0442
138500 0.138451 6.053
138600 0.138551 6.05802
138700 0.138651 6.05154
138800 0.13875 6.05033
138900 0.138851 6.02212
139000 0.138951 6.02436
139100 0.139051 6.02798
139200 0.139151 6.02084
139300 0.139251 6.03847
139400 0.139351 6.03658
139500 0.139451 6.03817
139600 0.139551 6.06543
139700 0.139651 6.07907
139800 0.139751 6.07439
139900 0.139851 6.08242
140000 0.139951 6.0809
140100 0.140051 6.08352
140200 0.140151 6.10756
140300 0.140251 6.14024
140400 0.140351 6.14499
140500 0.140451 6.15902
140600 0.140551 6.16204
140700 0.140651 6.16391
140800 0.140751 6.14318
140900 0.140851 6.1537
141000 0.140951 6.16701
141100 0.141051 6.17628
141200 0.141151 6.17307
141300 0.141251 6.16271
141400 0.141351 6.14795
141500 0.141451 6.1184
141600 0.141551 6.11574
141700 0.141651 6.13289
141800 0.141751 6.15368
141900 0.141851 6.13598
142000 0.141951 6.16278
142100 0.142051 6.17331
142200 0.142151 6.15726
142300 0.142251 6.16999
142400 0.142351 6.20889
142500 0.142451 6.22969
142600 0.142551 6.24302
142700 0.142651 6.28351
142800 0.142751 6.27672
142900 0.142851 6.26974
143000 0.142951 6.25195
143100 0.143051 6.25969
143200 0.143151 6.25712
143300 0.143251 6.24591
143400 0.143351 6.24856
143500 0.143451 6.25451
143600 0.143551 6.28779
143700 0.143651 6.27153
143800 0.143751 6.2532
143900 0.143851 6.24359
144000 0.143951 6.2306
144100 0.144051 6.25362
144200 0.144151 6.26587
144300 0.144251 6.25957
144400 0.144351 6.24054
144500 0.144451 6.26368
144600 0.144551 6.30599
144700 0.144651 6.31766
144800 0.144751 6.31592
144900 0.144851 6.33681
145000 0.144951 6.33822
145100 0.145051 6.34249
145200 0.145151 6.37583
145300 0.145251 6.36887
145400 0.145351 6.39019
145500 0.145451 6.38081
145600 0.145551 6.39101
145700 0.145651 6.39516
145800 0.145751 6.36898
145900 0.14585 6.38202
146000 0.145951 6.379
146100 0.146051 6.35464
146200 0.146151 6.33078
146300 0.146251 6.33682
146400 0.146351 6.36226
146500 0.146451 6.35768
146600 0.146551 6.34954
146700 0.146651 6.35169
146800 0.146751 6.3638
146900 0.146851 6.39653
147000 0.146951 6.3985
147100 0.147051 6.42361
147200 0.147151 6.43577
147300 0.147251 6.44286
147400 0.147351 6.45078
147500 0.147451 6.47573
147600 0.147551 6.49045
147700 0.147651 6.50886
147800 0.147751 6.49046
147900 0.147851 6.48517
148000 0.147951 6.46086
148100 0.148051 6.46274
148200 0.148151 6.46541
148300 0.148251 6.46453
148400 0.14835 6.47209
148500 0.148451 6.47156
148600 0.148551 6.44224
148700 0.148651 6.45005
148800 0.148751 6.45358
148900 0.148851 6.48038
149000 0.148951 6.48354
149100 0.149051 6.47679
149200 0.149151 6.47963
149300 0.149251 6.48029
149400 0.149351 6.50971
149500 0.149451 6.52861
149600 0.149551 6.56212
149700 0.14965 6.5712
149800 0.149751 6.57857
149900 0.149851 6.56204
150000 0.149951 6.55237
150100 0.150051 6.55296
150200 0.150151 6.56528
150300 0.150251 6.58251
150400 0.150351 6.59486
150500 0.150451 6.55413
150600 0.150551 6.58366
150700 0.150651 6.59151
150800 0.150751 6.57256
150900 0.150851 6.58938
151000 0.150951 6.58607
151100 0.151051 6.57042
151200 0.15115 6.56532
151300 0.151251 6.57434
151400 0.151351 6.58644
151500 0.151451 6.57615
151600 0.151551 6.59266
151700 0.151651 6.60307
151800 0.151751 6.67562
151900 0.151851 6.68542
152000 0.151951 6.67216
152100 0.152051 6.65155
152200 0.152151 6.61287
152300 0.152251 6.64291
152400 0.152351 6.67307
152500 0.152451 6.70225
152600 0.152551 6.73014
152700 0.15265 6.71033
152800 0.152751 6.68981
152900 0.152851 6.67064
153000 0.152951 6.65928
153100 0.153051 6.6449
153200 0.153151 6.66258
153300 0.153251 6.69506
153400 0.153351 6.68878
153500 0.153451 6.68127
153600 0.153551 6.69187
153700 0.153651 6.72472
153800 0.153751 6.7301
153900 0.153851 6.72749
154000 0.153951 6.71594
154100 0.154051 6.73365
154200 0.154151 6.74442
154300 0.154251 6.77748
154400 0.154351 6.77706
154500 0.154451 6.76535
154600 0.154551 6.78735
154700 0.154651 6.79146
154800 0.154751 6.79606
154900 0.154851 6.80838
155000 0.154951 6.80124
155100 0.155051 6.78595
155200 0.15515 6.7941
155300 0.155251 6.77203
155400 0.155351 6.78804
155500 0.155451 6.80858
155600 0.155551 6.77528
155700 0.155651 6.78996
155800 0.155751 6.80492
155900 0.155851 6.78859
156000 0.155951 6.77787
156100 0.156051 6.78901
156200 0.156151 6.80233
156300 0.156251 6.81723
156400 0.156351 6.86167
156500 0.156451 6.91335
156600 0.156551 6.90202
156700 0.156651 6.90269
156800 0.156751 6.89143
156900 0.156851 6.89363
157000 0.156951 6.88557
157100 0.157051 6.88065
157200 0.157151 6.92245
157300 0.157251 6.9428
157400 0.157351 6.94768
157500 0.157451 6.89748
157600 0.157551 6.85886
157700 0.157651 6.84488
157800 0.157751 6.84846
157900 0.157851 6.8639
158000 0.157951 6.84923
158100 0.158051 6.87257
158200 0.158151 6.89626
158300 0.158251 6.92965
158400 0.158351 6.94063
158500 0.158451 6.93066
158600 0.158551 6.94139
158700 0.158651 6.95153
158800 0.158751 6.9663
158900 0.158851 6.98043
159000 0.158951 7.00537
159100 0.159051 6.99218
159200 0.159151 6.99684
159300 0.159251 6.99922
159400 0.159351 7.0151
159500 0.159451 7.01187
159600 0.159551 7.00587
159700 0.159651 6.99001
159800 0.159751 6.96059
159900 0.159851 6.95093
160000 0.159951 6.95693
160100 0.160051 6.98662
160200 0.160151 6.98956
160300 0.160251 7.00214
160400 0.160351 7.02201
160500 0.16045 7.01618
160600 0.160551 7.00255
160700 0.160651 6.99712
160800 0.160751 6.98227
160900 0.160851 7.02069
161000 0.160951 7.05437
161100 0.161051 7.05902
161200 0.161151 7.06478
161300 0.161251 7.09308
161400 0.161351 7.11808
161500 0.161451 7.1331
161600 0.161551 7.11411
161700 0.161651 7.10357
161800 0.161751 7.09152
161900 0.161851 7.09696
162000 0.161951 7.09734
162100 0.162051 7.11475
162200 0.162151 7.1176
162300 0.16225 7.10347
162400 0.162351 7.08019
162500 0.162451 7.08196
162600 0.162551 7.06798
162700 0.162651 7.08232
162800 0.162751 7.09378
162900 0.162851 7.10553
163000 0.162951 7.12563
163100 0.163051 7.13604
163200 0.163151 7.16128
163300 0.163251 7.18122
163400 0.163351 7.19776
163500 0.163451 7.21099
163600 0.163551 7.17605
163700 0.163651 7.19132
163800 0.163751 7.2113
163900 0.163851 7.21527
164000 0.163951 7.23424
164100 0.164051 7.23635
164200 0.164151 7.23857
164300 0.164251 7.22158
164400 0.164351 7.24413
164500 0.16445 7.24382
164600 0.164551 7.24373
164700 0.164651 7.23445
164800 0.164751 7.22725
164900 0.164851 7.2102
165000 0.164951 7.19654
165100 0.165051 7.20356
165200 0.165151 7.21587
165300 0.165251 7.24749
165400 0.165351 7.26157
165500 0.165451 7.26225
165600 0.165551 7.26346
165700 0.165651 7.2801
165800 0.165751 7.2864
165900 0.165851 7.27762
166000 0.165951 7.2921
166100 0.166051 7.29975
166200 0.166151 7.32758
166300 0.166251 7.344
166400 0.166351 7.36032
166500 0.166451 7.33962
166600 0.166551 7.31943
166700 0.166651 7.31806
166800 0.166751 7.29182
166900 0.166851 7.30456
167000 0.166951 7.3482
167100 0.167051 7.34234
167200 0.167151 7.31113
167300 0.167251 7.30082
167400 0.167351 7.33172
167500 0.167451 7.34613
167600 0.167551 7.35959
167700 0.167651 7.36768
167800 0.167751 7.35376
167900 0.167851 7.36022
168000 0.167951 7.38909
168100 0.168051 7.38792
168200 0.168151 7.39242
168300 0.16825 7.38575
168400 0.168351 7.41674
168500 0.168451 7.41254
168600 0.168551 7.40673
168700 0.168651 7.4271
168800 0.168751 7.41799
168900 0.168851 7.43259
169000 0.168951 7.4342
169100 0.169051 7.40798
169200 0.169151 7.42956
169300 0.169251 7.44808
169400 0.169351 7.43952
169500 0.169451 7.40896
169600 0.169551 7.37338
169700 0.169651 7.38638
169800 0.169751 7.40251
169900 0.169851 7.42758
170000 0.169951 7.47073
170100 0.170051 7.46506
170200 0.170151 7.4716
170300 0.170251 7.46157
170400 0.170351 7.46735
170500 0.170451 7.48619
170600 0.170551 7.49572
170700 0.170651 7.53094
170800 0.170751 7.54678
170900 0.17085 7.53812
171000 0.170951 7.53654
171100 0.171051 7.51841
171200 0.171151 7.54456
171300 0.171251 7.51058
171400 0.171351 7.50475
171500 0.171451 7.46444
171600 0.171551 7.50021
171700 0.171651 7.51882
171800 0.171751 7.52923
171900 0.171851 7.50739
172000 0.171951 7.5267
172100 0.172051 7.52384
172200 0.172151 7.53311
172300 0.172251 7.52766
172400 0.172351 7.54937
172500 0.172451 7.55297
172600 0.172551 7.55444
172700 0.172651 7.56068
172800 0.172751 7.57837
172900 0.172851 7.59541
173000 0.172951 7.6036
173100 0.173051 7.62472
173200 0.173151 7.62509
173300 0.173251 7.6174
173400 0.173351 7.59425
173500 0.173451 7.60403
173600 0.173551 7.60838
173700 0.173651 7.62882
173800 0.173751 7.63614
173900 0.173851 7.59587
174000 0.173951 7.60281
174100 0.174051 7.60665
174200 0.174151 7.598
174300 0.174251 7.63399
174400 0.174351 7.61877
174500 0.174451 7.63274
174600 0.174551 7.61505
174700 0.174651 7.62129
174800 0.174751 7.62766
174900 0.174851 7.65337
175000 0.174951 7.63683
175100 0.175051 7.64116
175200 0.175151 7.62046
175300 0.175251 7.63854
175400 0.17535 7.65081
175500 0.175451 7.72416
175600 0.175551 7.74396
175700 0.175651 7.73111
175800 0.175751 7.73699
175900 0.175851 7.73506
176000 0.175951 7.76135
176100 0.176051 7.75155
176200 0.176151 7.72887
176300 0.176251 7.70684
176400 0.176351 7.71316
176500 0.176451 7.70911
176600 0.176551 7.74432
176700 0.176651 7.72662
176800 0.176751 7.71169
176900 0.17685 7.73189
177000 0.176951 7.72367
177100 0.177051 7.71585
177200 0.177151 7.70431
177300 0.177251 7.71946
177400 0.177351 7.72282
177500 0.177451 7.73231
177600 0.177551 7.73947
177700 0.177651 7.77334
177800 0.177751 7.80152
177900 0.177851 7.79439
178000 0.177951 7.82266
178100 0.178051 7.82303
178200 0.178151 7.80311
178300 0.178251 7.80159
178400 0.178351 7.80064
178500 0.178451 7.7958
178600 0.178551 7.82066
178700 0.178651 7.83075
178800 0.178751 7.85177
178900 0.178851 7.8583
179000 0.178951 7.85771
179100 0.179051 7.84769
179200 0.179151 7.8332
179300 0.179251 7.8224
179400 0.179351 7.80272
179500 0.179451 7.81897
179600 0.179551 7.83698
179700 0.179651 7.83148
179800 0.179751 7.8325
179900 0.179851 7.83727
180000 0.179951 7.82645
180100 0.180051 7.83449
180200 0.180151 7.8547
180300 0.180251 7.88492
180400 0.180351 7.8744
180500 0.180451 7.8881
180600 0.180551 7.91575
180700 0.180651 7.89297
180800 0.180751 7.9301
180900 0.180851 7.93934
181000 0.180951 7.94897
181100 0.181051 7.93907
181200 0.181151 7.91051
181300 0.181251 7.92332
181400 0.181351 7.96334
181500 0.181451 7.96356
181600 0.181551 7.95825
181700 0.181651 7.925
181800 0.181751 7.93593
181900 0.18185 7.9207
182000 0.181951 7.93951
182100 0.182051 7.94191
182200 0.182151 7.94793
182300 0.182251 7.95893
182400 0.182351 7.97438
182500 0.182451 7.98535
182600 0.182551 7.95524
182700 0.182651 7.96777
182800 0.182751 7.9794
182900 0.182851 8.00779
183000 0.182951 8.0123
183100 0.183051 8.00273
183200 0.183151 8.03193
183300 0.183251 8.04004
183400 0.183351 8.04993
183500 0.183451 8.04964
183600 0.183551 8.01694
183700 0.183651 8.01256
183800 0.183751 8.00942
183900 0.183851 8.00139
184000 0.183951 8.03348
184100 0.184051 8.0436
184200 0.184151 8.05579
184300 0.184251 8.04901
184400 0.184351 8.05333
184500 0.184451 8.06181
184600 0.184551 8.0709
184700 0.184651 8.09131
184800 0.184751 8.09878
184900 0.184851 8.0821
185000 0.184951 8.06864
185100 0.185051 8.10357
185200 0.185151 8.1158
185300 0.185251 8.1395
185400 0.185351 8.15626
185500 0.185451 8.14265
185600 0.185551 8.14073
185700 0.185651 8.09647
185800 0.185751 8.08074
185900 0.185851 8.08196
186000 0.185951 8.07219
186100 0.186051 8.0855
186200 0.186151 8.10233
186300 0.186251 8.12529
186400 0.186351 8.13431
186500 0.186451 8.1567
186600 0.186551 8.12341
186700 0.186651 8.13189
186800 0.186751 8.13819
186900 0.186851 8.13448
187000 0.186951 8.14348
187100 0.187051 8.17831
187200 0.187151 8.19609
187300 0.18725 8.20051
187400 0.187351 8.2098
187500 0.187451 8.22584
187600 0.187551 8.20456
187700 0.187651 8.20947
187800 0.187751 8.20093
187900 0.187851 8.18034
188000 0.187951 8.20875
188100 0.188051 8.19445
188200 0.188151 8.19717
188300 0.188251 8.21606
188400 0.188351 8.21882
188500 0.188451 8.21869
188600 0.188551 8.20525
188700 0.188651 8.22313
188800 0.188751 8.19552
188900 0.188851 8.21914
189000 0.188951 8.22803
189100 0.189051 8.24603
189200 0.189151 8.23969
189300 0.189251 8.27035
189400 0.189351 8.29887
189500 0.189451 8.30071
189600 0.189551 8.30477
189700 0.189651 8.3129
189800 0.189751 8.27886
189900 0.189851 8.27618
190000 0.189951 8.2867
190100 0.190051 8.31737
190200 0.190151 8.32112
190300 0.190251 8.31661
190400 0.190351 8.30878
190500 0.190451 8.31236
190600 0.190551 8.33061
190700 0.190651 8.32566
190800 0.190751 8.31531
190900 0.190851 8.32401
191000 0.190951 8.31279
191100 0.191051 8.32235
191200 0.191151 8.31815
191300 0.191251 8.30882
191400 0.191351 8.33845
191500 0.191451 8.36293
191600 0.191551 8.34222
191700 0.191651 8.32173
191800 0.191751 8.32438
191900 0.191851 8.34396
192000 0.191951 8.38088
192100 0.192051 8.42351
192200 0.192151 8.42414
192300 0.19225 8.41339
192400 0.192351 8.40342
192500 0.192451 8.4006
192600 0.192551 8.43252
192700 0.192651 8.45449
192800 0.192751 8.42162
192900 0.192851 8.43641
193000 0.192951 8.42979
193100 0.193051 8.4228
193200 0.193151 8.45412
193300 0.193251 8.44904
193400 0.193351 8.42402
193500 0.193451 8.44511
193600 0.193551 8.40701
193700 0.193651 8.4047
193800 0.193751 8.4127
193900 0.193851 8.42228
194000 0.193951 8.41727
194100 0.194051 8.46413
194200 0.194151 8.45599
194300 0.194251 8.44497
194400 0.194351 8.47195
194500 0.194451 8.49112
194600 0.194551 8.4601
194700 0.194651 8.48083
194800 0.194751 8.47566
194900 0.19485 8.50388
195000 0.194951 8.52786
195100 0.195051 8.52759
195200 0.195151 8.54056
195300 0.19525 8.55453
195400 0.195351 8.55762
195500 0.195451 8.5337
195600 0.195551 8.51905
195700 0.195651 8.55238
195800 0.195751 8.5529
195900 0.195851 8.56276
196000 0.195951 8.50162
196100 0.196051 8.53028
196200 0.196151 8.5891
196300 0.196251 8.61458
196400 0.196351 8.60113
196500 0.196451 8.57511
196600 0.196551 8.55394
196700 0.196651 8.54827
196800 0.196751 8.55829
196900 0.196851 8.57224
197000 0.196951 8.57523
197100 0.197051 8.60124
197200 0.197151 8.60774
197300 0.197251 8.61085
197400 0.197351 8.59822
197500 0.197451 8.6098
197600 0.197551 8.61122
197700 0.197651 8.6333
197800 0.197751 8.64055
197900 0.197851 8.63621
198000 0.197951 8.63388
198100 0.198051 8.65543
198200 0.198151 8.63723
198300 0.19825 8.64566
198400 0.198351 8.69417
198500 0.198451 8.68755
198600 0.198551 8.63541
198700 0.198651 8.64655
198800 0.198751 8.67961
198900 0.198851 8.65849
199000 0.198951 8.68928
199100 0.199051 8.68958
199200 0.199151 8.71495
199300 0.199251 8.69688
199400 0.199351 8.70867
199500 0.199451 8.7222
199600 0.199551 8.74908
199700 0.199651 8.73423
199800 0.199751 8.71544
199900 0.199851 8.70571
200000 0.199951 8.70729
