# Time-averaged data for fix 3
# TimeStep v_strain v_stress_GPa
100 2.525e-05 0.494872
200 7.525e-05 0.47074
300 0.00012525 0.370693
400 0.00017525 0.552298
500 0.00022525 0.559722
600 0.00027525 0.561352
700 0.00032525 0.589865
800 0.00037525 0.594224
900 0.00042525 0.512799
1000 0.00047525 0.494526
1100 0.00052525 0.499592
1200 0.00057525 0.513671
1300 0.00062525 0.475765
1400 0.00067525 0.565221
1500 0.00072525 0.611844
1600 0.00077525 0.550136
1700 0.00082525 0.541884
1800 0.00087525 0.516508
1900 0.00092525 0.525305
2000 0.00097525 0.509823
2100 0.00102525 0.55752
2200 0.00107525 0.589195
2300 0.00112525 0.589924
2400 0.00117525 0.593562
2500 0.00122525 0.571783
2600 0.00127525 0.573427
2700 0.00132525 0.525625
2800 0.00137525 0.538979
2900 0.00142525 0.532515
3000 0.00147525 0.596458
3100 0.00152525 0.623526
3200 0.00157525 0.615229
3300 0.00162525 0.61742
3400 0.00167525 0.641885
3500 0.00172525 0.573539
3600 0.00177525 0.49295
3700 0.00182525 0.542513
3800 0.00187525 0.573355
3900 0.00192525 0.573203
4000 0.00197525 0.648987
4100 0.00202525 0.678989
4200 0.00207525 0.61006
4300 0.00212525 0.573116
4400 0.00217525 0.598575
4500 0.00222525 0.556504
4600 0.00227525 0.553888
4700 0.00232525 0.561237
4800 0.00237525 0.611436
4900 0.00242525 0.548372
5000 0.00247525 0.612299
5100 0.00252525 0.641689
5200 0.00257525 0.636061
5300 0.00262525 0.609155
5400 0.00267525 0.575383
5500 0.00272525 0.600409
5600 0.00277525 0.579937
5700 0.00282525 0.573715
5800 0.00287525 0.638772
5900 0.00292525 0.63804
6000 0.00297525 0.605936
6100 0.00302525 0.669093
6200 0.00307525 0.61781
6300 0.00312525 0.601322
6400 0.00317525 0.603893
6500 0.00322525 0.571679
6600 0.00327525 0.652457
6700 0.00332525 0.632844
6800 0.00337525 0.676105
6900 0.00342525 0.653077
7000 0.00347525 0.690713
7100 0.00352525 0.642235
7200 0.00357525 0.583575
7300 0.00362525 0.611149
7400 0.00367525 0.631481
7500 0.00372525 0.639549
7600 0.00377525 0.645626
7700 0.00382525 0.64459
7800 0.00387525 0.701149
7900 0.00392525 0.724755
8000 0.00397525 0.643261
8100 0.00402525 0.619533
8200 0.00407525 0.65764
8300 0.00412525 0.634498
8400 0.00417525 0.630799
8500 0.00422525 0.683186
8600 0.00427525 0.712415
8700 0.00432525 0.677192
8800 0.00437525 0.666567
8900 0.00442525 0.695045
9000 0.00447525 0.658481
9100 0.00452525 0.668667
9200 0.00457525 0.693949
9300 0.00462525 0.666866
9400 0.00467525 0.720712
9500 0.00472525 0.744302
9600 0.00477525 0.706969
9700 0.00482525 0.708531
9800 0.00487525 0.695337
9900 0.00492525 0.73195
10000 0.00497525 0.670719
10100 0.00502525 0.713572
10200 0.00507525 0.651326
10300 0.00512525 0.761619
10400 0.00517525 0.733926
10500 0.00522525 0.749179
10600 0.00527525 0.742992
10700 0.00532525 0.698507
10800 0.00537525 0.697638
10900 0.00542525 0.648469
11000 0.00547525 0.67366
11100 0.00552525 0.718267
11200 0.00557525 0.733958
11300 0.00562525 0.720827
11400 0.00567525 0.740944
11500 0.00572525 0.795638
11600 0.00577525 0.682403
11700 0.00582525 0.695983
11800 0.00587525 0.685453
11900 0.00592525 0.704094
12000 0.00597525 0.687674
12100 0.00602525 0.732542
12200 0.00607525 0.751673
12300 0.00612525 0.785526
12400 0.00617525 0.734219
12500 0.00622525 0.711911
12600 0.00627525 0.756821
12700 0.00632525 0.705861
12800 0.00637525 0.683066
12900 0.00642525 0.707836
13000 0.00647525 0.830856
13100 0.00652525 0.73764
13200 0.00657525 0.761155
13300 0.00662525 0.767709
13400 0.00667525 0.746029
13500 0.00672525 0.645916
13600 0.00677525 0.764235
13700 0.00682525 0.795666
13800 0.00687525 0.726321
13900 0.00692525 0.736114
14000 0.00697525 0.797054
14100 0.00702525 0.755853
14200 0.00707525 0.746964
14300 0.00712525 0.789506
14400 0.00717525 0.761351
14500 0.00722525 0.73394
14600 0.00727525 0.762844
14700 0.00732525 0.773165
14800 0.00737525 0.746515
14900 0.00742525 0.71945
15000 0.00747525 0.808117
15100 0.00752525 0.753713
15200 0.00757525 0.791955
15300 0.00762525 0.794619
15400 0.00767525 0.808386
15500 0.00772525 0.807263
15600 0.00777525 0.744835
15700 0.00782525 0.744688
15800 0.00787525 0.795454
15900 0.00792525 0.741388
16000 0.00797525 0.774245
16100 0.00802525 0.838777
16200 0.00807525 0.838431
16300 0.00812525 0.767496
16400 0.00817525 0.763013
16500 0.00822525 0.78534
16600 0.00827525 0.757282
16700 0.00832525 0.745737
16800 0.00837525 0.853285
16900 0.00842525 0.885512
17000 0.00847525 0.797032
17100 0.00852525 0.839274
17200 0.00857525 0.800005
17300 0.00862525 0.733892
17400 0.00867525 0.730013
17500 0.00872525 0.814706
17600 0.00877525 0.800347
17700 0.00882525 0.836582
17800 0.00887525 0.899341
17900 0.00892525 0.89097
18000 0.00897525 0.826905
18100 0.00902525 0.801646
18200 0.00907525 0.788526
18300 0.00912525 0.741535
18400 0.00917525 0.839121
18500 0.00922525 0.863886
18600 0.00927525 0.898885
18700 0.00932525 0.885001
18800 0.00937525 0.837301
18900 0.00942525 0.844099
19000 0.00947525 0.783986
19100 0.00952525 0.788382
19200 0.00957525 0.837085
19300 0.00962525 0.827788
19400 0.00967525 0.849768
19500 0.00972525 0.834106
19600 0.00977525 0.94178
19700 0.00982525 0.872662
19800 0.00987525 0.817535
19900 0.00992525 0.797217
20000 0.00997525 0.861187
20100 0.0100252 0.842499
20200 0.0100753 0.83474
20300 0.0101252 0.917594
20400 0.0101753 0.93377
20500 0.0102252 0.889697
20600 0.0102752 0.860356
20700 0.0103252 0.853574
20800 0.0103753 0.848949
20900 0.0104252 0.859306
21000 0.0104753 0.86104
21100 0.0105252 0.918633
21200 0.0105752 0.8216
21300 0.0106252 0.908918
21400 0.0106752 0.922734
21500 0.0107252 0.890549
21600 0.0107752 0.884474
21700 0.0108253 0.863711
21800 0.0108752 0.925436
21900 0.0109252 0.834534
22000 0.0109752 0.838782
22100 0.0110252 0.869017
22200 0.0110752 0.918889
22300 0.0111252 0.867631
22400 0.0111753 0.900643
22500 0.0112252 0.904539
22600 0.0112752 0.900355
22700 0.0113252 0.868094
22800 0.0113752 0.833702
22900 0.0114252 0.873842
23000 0.0114752 0.886763
23100 0.0115252 0.923836
23200 0.0115753 0.942416
23300 0.0116253 0.916567
23400 0.0116752 0.921101
23500 0.0117252 0.86123
23600 0.0117752 0.870683
23700 0.0118253 0.900484
23800 0.0118752 0.948007
23900 0.0119253 0.919991
24000 0.0119752 0.9298
24100 0.0120252 0.957043
24200 0.0120752 0.924221
24300 0.0121252 0.928468
24400 0.0121753 0.902358
24500 0.0122252 0.932093
24600 0.0122753 0.884617
24700 0.0123252 0.913728
24800 0.0123752 0.967845
24900 0.0124252 0.975157
25000 0.0124752 0.949216
25100 0.0125252 0.964655
25200 0.0125752 0.953347
25300 0.0126253 0.955897
25400 0.0126752 0.875973
25500 0.0127252 0.963907
25600 0.0127752 0.959315
25700 0.0128252 0.909949
25800 0.0128752 0.960377
25900 0.0129252 0.985888
26000 0.0129752 1.00464
26100 0.0130253 0.914402
26200 0.0130753 1.00141
26300 0.0131252 0.926048
26400 0.0131752 0.925849
26500 0.0132252 0.962918
26600 0.0132752 0.955861
26700 0.0133252 1.00853
26800 0.0133752 0.978778
26900 0.0134252 1.00453
27000 0.0134752 0.92899
27100 0.0135252 0.949103
27200 0.0135752 0.919381
27300 0.0136253 0.976081
27400 0.0136752 0.962611
27500 0.0137252 0.954727
27600 0.0137753 0.963242
27700 0.0138253 1.00585
27800 0.0138752 1.00071
27900 0.0139252 0.965352
28000 0.0139752 0.962711
28100 0.0140252 1.05249
28200 0.0140752 1.02232
28300 0.0141253 0.977405
28400 0.0141753 1.02565
28500 0.0142252 1.01137
28600 0.0142752 0.993743
28700 0.0143252 0.947714
28800 0.0143752 1.01747
28900 0.0144252 1.00177
29000 0.0144752 1.05051
29100 0.0145253 0.994304
29200 0.0145752 0.991569
29300 0.0146252 1.02938
29400 0.0146752 1.01271
29500 0.0147252 1.02121
29600 0.0147752 0.974882
29700 0.0148252 0.999644
29800 0.0148752 1.00577
29900 0.0149252 0.978987
30000 0.0149752 1.01489
30100 0.0150252 1.06845
30200 0.0150752 1.06913
30300 0.0151252 0.97448
30400 0.0151752 1.03632
30500 0.0152252 0.992401
30600 0.0152752 0.986785
30700 0.0153252 0.982483
30800 0.0153752 1.05213
30900 0.0154252 1.05465
31000 0.0154752 1.05834
31100 0.0155252 1.09543
31200 0.0155752 1.03682
31300 0.0156253 1.02725
31400 0.0156753 0.996826
31500 0.0157252 1.02044
31600 0.0157752 1.05586
31700 0.0158252 1.09695
31800 0.0158752 1.02968
31900 0.0159252 1.08631
32000 0.0159752 1.04406
32100 0.0160252 1.04361
32200 0.0160752 1.05942
32300 0.0161252 1.07882
32400 0.0161752 1.09637
32500 0.0162253 1.00359
32600 0.0162752 1.05015
32700 0.0163253 1.08996
32800 0.0163752 1.06828
32900 0.0164252 1.08607
33000 0.0164752 1.11525
33100 0.0165252 1.12684
33200 0.0165752 1.02779
33300 0.0166253 1.0471
33400 0.0166752 1.05323
33500 0.0167252 1.08206
33600 0.0167752 1.11917
33700 0.0168252 1.11389
33800 0.0168752 1.14808
33900 0.0169252 1.10486
34000 0.0169753 1.05589
34100 0.0170252 1.04875
34200 0.0170753 1.06506
34300 0.0171252 1.06298
34400 0.0171752 1.10238
34500 0.0172252 1.13119
34600 0.0172752 1.09763
34700 0.0173252 1.14967
34800 0.0173752 1.04845
34900 0.0174253 1.12894
35000 0.0174752 1.10862
35100 0.0175252 1.06056
35200 0.0175752 1.07903
35300 0.0176252 1.12512
35400 0.0176752 1.06898
35500 0.0177252 1.09002
35600 0.0177753 1.1341
35700 0.0178252 1.12899
35800 0.0178752 1.12635
35900 0.0179252 1.11598
36000 0.0179752 1.08947
36100 0.0180252 1.08676
36200 0.0180752 1.11316
36300 0.0181252 1.12111
36400 0.0181753 1.17816
36500 0.0182252 1.1427
36600 0.0182752 1.19686
36700 0.0183252 1.17943
36800 0.0183752 1.1279
36900 0.0184252 1.14194
37000 0.0184752 1.09008
37100 0.0185252 1.11239
37200 0.0185752 1.06949
37300 0.0186252 1.21258
37400 0.0186752 1.18091
37500 0.0187252 1.15213
37600 0.0187752 1.18331
37700 0.0188252 1.1635
37800 0.0188752 1.07891
37900 0.0189252 1.10403
38000 0.0189752 1.15012
38100 0.0190252 1.20335
38200 0.0190752 1.17175
38300 0.0191252 1.21812
38400 0.0191752 1.16502
38500 0.0192252 1.13419
38600 0.0192752 1.154
38700 0.0193252 1.13857
38800 0.0193752 1.1469
38900 0.0194252 1.07321
39000 0.0194752 1.1596
39100 0.0195252 1.20932
39200 0.0195752 1.23054
39300 0.0196252 1.22164
39400 0.0196753 1.186
39500 0.0197252 1.16956
39600 0.0197752 1.15559
39700 0.0198252 1.1319
39800 0.0198752 1.17708
39900 0.0199252 1.21079
40000 0.0199752 1.15987
40100 0.0200252 1.14838
40200 0.0200752 1.23364
40300 0.0201252 1.18545
40400 0.0201752 1.21181
40500 0.0202252 1.21298
40600 0.0202752 1.2071
40700 0.0203252 1.17105
40800 0.0203752 1.16749
40900 0.0204252 1.19026
41000 0.0204752 1.20202
41100 0.0205252 1.1798
41200 0.0205752 1.25563
41300 0.0206252 1.23585
41400 0.0206752 1.19045
41500 0.0207252 1.22712
41600 0.0207752 1.1745
41700 0.0208252 1.17607
41800 0.0208752 1.19871
41900 0.0209252 1.24472
42000 0.0209752 1.2042
42100 0.0210252 1.21248
42200 0.0210752 1.28676
42300 0.0211252 1.22211
42400 0.0211752 1.24038
42500 0.0212253 1.28319
42600 0.0212752 1.20037
42700 0.0213252 1.17793
42800 0.0213752 1.22876
42900 0.0214252 1.22042
43000 0.0214752 1.20137
43100 0.0215252 1.23655
43200 0.0215753 1.25278
43300 0.0216252 1.20175
43400 0.0216752 1.22728
43500 0.0217252 1.25649
43600 0.0217752 1.18354
43700 0.0218253 1.22248
43800 0.0218752 1.28119
43900 0.0219252 1.25715
44000 0.0219752 1.2887
44100 0.0220252 1.25866
44200 0.0220752 1.23258
44300 0.0221252 1.2656
44400 0.0221752 1.19954
44500 0.0222253 1.23085
44600 0.0222752 1.28331
44700 0.0223252 1.24682
44800 0.0223752 1.26782
44900 0.0224252 1.27994
45000 0.0224752 1.28009
45100 0.0225252 1.2617
45200 0.0225753 1.26424
45300 0.0226252 1.27533
45400 0.0226752 1.22999
45500 0.0227252 1.20008
45600 0.0227752 1.26347
45700 0.0228252 1.28724
45800 0.0228752 1.29216
45900 0.0229253 1.28
46000 0.0229752 1.32859
46100 0.0230252 1.29943
46200 0.0230752 1.27584
46300 0.0231252 1.22843
46400 0.0231752 1.24465
46500 0.0232252 1.25646
46600 0.0232752 1.30237
46700 0.0233252 1.2888
46800 0.0233753 1.31824
46900 0.0234252 1.28231
47000 0.0234752 1.30988
47100 0.0235252 1.22253
47200 0.0235752 1.23902
47300 0.0236252 1.25981
47400 0.0236753 1.25529
47500 0.0237252 1.31224
47600 0.0237752 1.26095
47700 0.0238252 1.36773
47800 0.0238752 1.37538
47900 0.0239252 1.32238
48000 0.0239753 1.31167
48100 0.0240253 1.23695
48200 0.0240752 1.25782
48300 0.0241253 1.28037
48400 0.0241752 1.36962
48500 0.0242252 1.34276
48600 0.0242752 1.3513
48700 0.0243252 1.38136
48800 0.0243753 1.29416
48900 0.0244252 1.29459
49000 0.0244753 1.27766
49100 0.0245253 1.23479
49200 0.0245752 1.26303
49300 0.0246252 1.35274
49400 0.0246752 1.38941
49500 0.0247252 1.38773
49600 0.0247752 1.39111
49700 0.0248253 1.33187
49800 0.0248753 1.29004
49900 0.0249252 1.26844
50000 0.0249752 1.29269
50100 0.0250252 1.31673
50200 0.0250752 1.37402
50300 0.0251252 1.37321
50400 0.0251752 1.4387
50500 0.0252252 1.40464
50600 0.0252752 1.37716
50700 0.0253252 1.29671
50800 0.0253753 1.29992
50900 0.0254252 1.32636
51000 0.0254752 1.37538
51100 0.0255252 1.37208
51200 0.0255753 1.38378
51300 0.0256252 1.39269
51400 0.0256752 1.44451
51500 0.0257253 1.34693
51600 0.0257752 1.35538
51700 0.0258252 1.38485
51800 0.0258753 1.32602
51900 0.0259252 1.34788
52000 0.0259752 1.3866
52100 0.0260252 1.39534
52200 0.0260752 1.38292
52300 0.0261252 1.38523
52400 0.0261752 1.35802
52500 0.0262252 1.33772
52600 0.0262752 1.35124
52700 0.0263252 1.38111
52800 0.0263753 1.37131
52900 0.0264253 1.39605
53000 0.0264752 1.41776
53100 0.0265252 1.44321
53200 0.0265752 1.46121
53300 0.0266252 1.35843
53400 0.0266752 1.35566
53500 0.0267253 1.35165
53600 0.0267752 1.42811
53700 0.0268252 1.40922
53800 0.0268752 1.46038
53900 0.0269252 1.38976
54000 0.0269752 1.4212
54100 0.0270252 1.42911
54200 0.0270752 1.40839
54300 0.0271252 1.39806
54400 0.0271752 1.44195
54500 0.0272252 1.41581
54600 0.0272753 1.412
54700 0.0273252 1.45625
54800 0.0273752 1.43781
54900 0.0274253 1.44689
55000 0.0274752 1.39083
55100 0.0275252 1.39851
55200 0.0275752 1.42408
55300 0.0276253 1.42013
55400 0.0276752 1.44219
55500 0.0277252 1.50813
55600 0.0277753 1.52452
55700 0.0278253 1.46844
55800 0.0278752 1.45155
55900 0.0279252 1.43427
56000 0.0279752 1.34695
56100 0.0280252 1.40404
56200 0.0280752 1.40846
56300 0.0281252 1.5366
56400 0.0281752 1.49166
56500 0.0282252 1.48285
56600 0.0282753 1.52872
56700 0.0283252 1.46935
56800 0.0283752 1.37442
56900 0.0284252 1.34627
57000 0.0284753 1.42054
57100 0.0285252 1.46398
57200 0.0285752 1.50403
57300 0.0286252 1.55329
57400 0.0286752 1.54446
57500 0.0287252 1.46863
57600 0.0287752 1.46739
57700 0.0288253 1.46423
57800 0.0288752 1.45437
57900 0.0289252 1.4775
58000 0.0289752 1.46379
58100 0.0290252 1.53501
58200 0.0290752 1.52299
58300 0.0291252 1.49937
58400 0.0291753 1.50561
58500 0.0292252 1.50595
58600 0.0292752 1.48532
58700 0.0293253 1.44795
58800 0.0293752 1.49106
58900 0.0294252 1.49543
59000 0.0294752 1.54231
59100 0.0295252 1.4969
59200 0.0295752 1.56264
59300 0.0296252 1.50083
59400 0.0296752 1.52566
59500 0.0297253 1.51264
59600 0.0297752 1.44837
59700 0.0298252 1.49871
59800 0.0298753 1.48266
59900 0.0299252 1.5264
60000 0.0299752 1.53877
60100 0.0300253 1.51375
60200 0.0300752 1.53443
60300 0.0301252 1.51926
60400 0.0301753 1.56975
60500 0.0302252 1.46345
60600 0.0302752 1.52537
60700 0.0303252 1.47367
60800 0.0303753 1.51102
60900 0.0304252 1.52169
61000 0.0304752 1.55713
61100 0.0305253 1.59204
61200 0.0305752 1.59501
61300 0.0306252 1.54412
61400 0.0306752 1.52462
61500 0.0307253 1.53558
61600 0.0307752 1.53097
61700 0.0308252 1.54149
61800 0.0308752 1.58435
61900 0.0309252 1.54494
62000 0.0309752 1.58001
62100 0.0310252 1.55115
62200 0.0310752 1.51529
62300 0.0311252 1.52917
62400 0.0311752 1.54959
62500 0.0312252 1.56069
62600 0.0312752 1.60992
62700 0.0313252 1.54629
62800 0.0313752 1.6252
62900 0.0314253 1.57168
63000 0.0314752 1.52015
63100 0.0315252 1.60091
63200 0.0315752 1.46421
63300 0.0316252 1.54206
63400 0.0316752 1.55514
63500 0.0317252 1.62607
63600 0.0317752 1.57277
63700 0.0318252 1.57607
63800 0.0318752 1.57966
63900 0.0319253 1.59452
64000 0.0319752 1.54192
64100 0.0320252 1.57503
64200 0.0320752 1.60016
64300 0.0321253 1.60538
64400 0.0321752 1.63483
64500 0.0322252 1.59873
64600 0.0322752 1.5551
64700 0.0323252 1.58555
64800 0.0323752 1.55584
64900 0.0324253 1.52819
65000 0.0324752 1.57771
65100 0.0325252 1.67533
65200 0.0325752 1.62472
65300 0.0326252 1.6495
65400 0.0326752 1.64942
65500 0.0327252 1.59238
65600 0.0327753 1.519
65700 0.0328252 1.54316
65800 0.0328752 1.59517
65900 0.0329252 1.64512
66000 0.0329753 1.62143
66100 0.0330252 1.67404
66200 0.0330752 1.60614
66300 0.0331253 1.6124
66400 0.0331752 1.59477
66500 0.0332252 1.52992
66600 0.0332752 1.5899
66700 0.0333253 1.63174
66800 0.0333752 1.62388
66900 0.0334252 1.68437
67000 0.0334753 1.7157
67100 0.0335252 1.64137
67200 0.0335752 1.63875
67300 0.0336253 1.6111
67400 0.0336753 1.58514
67500 0.0337252 1.58228
67600 0.0337752 1.72357
67700 0.0338252 1.77788
67800 0.0338752 1.68619
67900 0.0339252 1.72296
68000 0.0339752 1.69719
68100 0.0340252 1.64789
68200 0.0340752 1.55667
68300 0.0341253 1.5838
68400 0.0341752 1.67342
68500 0.0342252 1.61454
68600 0.0342752 1.7369
68700 0.0343253 1.78611
68800 0.0343752 1.74104
68900 0.0344252 1.70841
69000 0.0344752 1.65597
69100 0.0345253 1.61869
69200 0.0345752 1.57844
69300 0.0346252 1.64162
69400 0.0346753 1.63633
69500 0.0347252 1.66794
69600 0.0347752 1.71592
69700 0.0348253 1.7692
69800 0.0348752 1.72794
69900 0.0349252 1.68887
70000 0.0349752 1.66459
70100 0.0350253 1.66464
70200 0.0350752 1.61951
70300 0.0351252 1.66683
70400 0.0351752 1.72
70500 0.0352252 1.75858
70600 0.0352752 1.7637
70700 0.0353252 1.76118
70800 0.0353752 1.72087
70900 0.0354252 1.67179
71000 0.0354752 1.64382
71100 0.0355253 1.68418
71200 0.0355752 1.66842
71300 0.0356252 1.70859
71400 0.0356753 1.76719
71500 0.0357253 1.74012
71600 0.0357752 1.76414
71700 0.0358252 1.66525
71800 0.0358753 1.7118
71900 0.0359252 1.71401
72000 0.0359752 1.70017
72100 0.0360253 1.66001
72200 0.0360752 1.64965
72300 0.0361252 1.75285
72400 0.0361752 1.75211
72500 0.0362252 1.75818
72600 0.0362752 1.79663
72700 0.0363252 1.7195
72800 0.0363752 1.62552
72900 0.0364252 1.66965
73000 0.0364752 1.71424
73100 0.0365252 1.71498
73200 0.0365752 1.69821
73300 0.0366252 1.78593
73400 0.0366752 1.78164
73500 0.0367253 1.75243
73600 0.0367752 1.72994
73700 0.0368252 1.67572
73800 0.0368752 1.67159
73900 0.0369252 1.70015
74000 0.0369752 1.68875
74100 0.0370252 1.70555
74200 0.0370753 1.79892
74300 0.0371252 1.79158
74400 0.0371752 1.79693
74500 0.0372253 1.78727
74600 0.0372752 1.7428
74700 0.0373252 1.64893
74800 0.0373752 1.69762
74900 0.0374252 1.71286
75000 0.0374752 1.76689
75100 0.0375252 1.7913
75200 0.0375753 1.85161
75300 0.0376252 1.81144
75400 0.0376752 1.78132
75500 0.0377252 1.78711
75600 0.0377752 1.79005
75700 0.0378252 1.7496
75800 0.0378752 1.70055
75900 0.0379253 1.78237
76000 0.0379753 1.80025
76100 0.0380252 1.78397
76200 0.0380752 1.82054
76300 0.0381252 1.83716
76400 0.0381752 1.7886
76500 0.0382252 1.75801
76600 0.0382753 1.79363
76700 0.0383252 1.77065
76800 0.0383752 1.77252
76900 0.0384252 1.83647
77000 0.0384752 1.82686
77100 0.0385252 1.83913
77200 0.0385752 1.80006
77300 0.0386253 1.76702
77400 0.0386752 1.77686
77500 0.0387252 1.79841
77600 0.0387752 1.78007
77700 0.0388252 1.78538
77800 0.0388752 1.84399
77900 0.0389252 1.81304
78000 0.0389752 1.80311
78100 0.0390252 1.76916
78200 0.0390752 1.85547
78300 0.0391253 1.81062
78400 0.0391752 1.8056
78500 0.0392252 1.84866
78600 0.0392752 1.80104
78700 0.0393252 1.82857
78800 0.0393752 1.81194
78900 0.0394252 1.82076
79000 0.0394753 1.80652
79100 0.0395252 1.86138
79200 0.0395752 1.84092
79300 0.0396252 1.83585
79400 0.0396753 1.82308
79500 0.0397252 1.86769
79600 0.0397752 1.87187
79700 0.0398253 1.81377
79800 0.0398752 1.85353
79900 0.0399252 1.88809
80000 0.0399752 1.83214
80100 0.0400253 1.84054
80200 0.0400752 1.89712
80300 0.0401252 1.89549
80400 0.0401752 1.81193
80500 0.0402252 1.89252
80600 0.0402752 1.88667
80700 0.0403252 1.8759
80800 0.0403752 1.83793
80900 0.0404252 1.90085
81000 0.0404752 1.88542
81100 0.0405252 1.88385
81200 0.0405752 1.85333
81300 0.0406252 1.91122
81400 0.0406752 1.88217
81500 0.0407252 1.90911
81600 0.0407752 1.90637
81700 0.0408252 1.86402
81800 0.0408752 1.8816
81900 0.0409252 1.91022
82000 0.0409752 1.83692
82100 0.0410252 1.92996
82200 0.0410752 1.87009
82300 0.0411252 1.90861
82400 0.0411752 1.90742
82500 0.0412253 1.90276
82600 0.0412752 1.88948
82700 0.0413252 1.8688
82800 0.0413753 1.83812
82900 0.0414252 1.91503
83000 0.0414752 1.87239
83100 0.0415252 1.96528
83200 0.0415752 1.92564
83300 0.0416252 1.9281
83400 0.0416752 1.92407
83500 0.0417253 1.92607
83600 0.0417752 1.8835
83700 0.0418252 1.83616
83800 0.0418753 1.8963
83900 0.0419253 1.91001
84000 0.0419752 1.91292
84100 0.0420252 1.97078
84200 0.0420752 1.97619
84300 0.0421252 1.90229
84400 0.0421752 1.93067
84500 0.0422252 1.89439
84600 0.0422752 1.85362
84700 0.0423252 1.82234
84800 0.0423752 1.86734
84900 0.0424253 1.9492
85000 0.0424752 2.01462
85100 0.0425252 1.99803
85200 0.0425753 1.94668
85300 0.0426253 1.9088
85400 0.0426752 1.85158
85500 0.0427252 1.83613
85600 0.0427753 1.84752
85700 0.0428252 1.9422
85800 0.0428752 1.96723
85900 0.0429253 1.97904
86000 0.0429752 1.98146
86100 0.0430252 1.96424
86200 0.0430753 1.93451
86300 0.0431253 1.86272
86400 0.0431752 1.92474
86500 0.0432252 1.91043
86600 0.0432752 1.97355
86700 0.0433252 2.01076
86800 0.0433752 2.02482
86900 0.0434252 1.9587
87000 0.0434753 1.96105
87100 0.0435252 1.87002
87200 0.0435752 1.90752
87300 0.0436252 1.98218
87400 0.0436752 1.94165
87500 0.0437252 1.95268
87600 0.0437752 1.9334
87700 0.0438253 2.04101
87800 0.0438752 1.92541
87900 0.0439252 1.90396
88000 0.0439753 1.93158
88100 0.0440252 1.97374
88200 0.0440752 1.96313
88300 0.0441252 1.97347
88400 0.0441753 2.00031
88500 0.0442252 1.96306
88600 0.0442752 1.9528
88700 0.0443253 1.93572
88800 0.0443752 1.92928
88900 0.0444252 1.979
89000 0.0444752 1.94416
89100 0.0445253 1.97014
89200 0.0445752 1.99661
89300 0.0446252 1.98751
89400 0.0446752 1.92597
89500 0.0447252 1.98978
89600 0.0447752 1.94405
89700 0.0448252 1.99024
89800 0.0448752 1.90718
89900 0.0449252 2.01621
90000 0.0449752 2.03173
90100 0.0450252 2.03352
90200 0.0450752 1.97891
90300 0.0451252 2.01871
90400 0.0451753 1.97565
90500 0.0452253 1.9345
90600 0.0452752 1.9284
90700 0.0453252 1.93164
90800 0.0453753 2.00396
90900 0.0454252 2.03004
91000 0.0454752 2.04787
91100 0.0455253 2.08152
91200 0.0455752 2.00532
91300 0.0456252 1.96023
91400 0.0456753 1.90841
91500 0.0457252 1.97428
91600 0.0457752 1.98108
91700 0.0458252 1.9596
91800 0.0458753 2.05141
91900 0.0459252 2.08408
92000 0.0459752 2.00308
92100 0.0460252 1.9933
92200 0.0460753 2.04643
92300 0.0461252 1.98205
92400 0.0461752 1.90532
92500 0.0462252 1.98082
92600 0.0462752 2.05215
92700 0.0463252 2.05272
92800 0.0463752 2.05581
92900 0.0464253 2.09294
93000 0.0464752 2.05872
93100 0.0465252 2.01949
93200 0.0465752 1.97401
93300 0.0466252 1.95503
93400 0.0466752 2.00931
93500 0.0467253 2.04635
93600 0.0467752 2.08457
93700 0.0468252 2.07635
93800 0.0468753 2.09414
93900 0.0469253 2.04384
94000 0.0469752 2.0286
94100 0.0470252 1.95085
94200 0.0470753 1.98769
94300 0.0471253 1.97552
94400 0.0471752 2.05833
94500 0.0472253 2.09654
94600 0.0472752 2.13721
94700 0.0473252 2.14455
94800 0.0473752 2.05617
94900 0.0474253 2.01934
95000 0.0474752 1.96354
95100 0.0475252 1.96546
95200 0.0475752 1.97986
95300 0.0476252 2.04732
95400 0.0476752 2.16931
95500 0.0477252 2.13928
95600 0.0477753 2.12217
95700 0.0478252 2.1148
95800 0.0478752 2.01921
95900 0.0479252 1.95722
96000 0.0479753 1.99222
96100 0.0480252 2.07996
96200 0.0480752 2.08102
96300 0.0481253 2.12553
96400 0.0481752 2.18898
96500 0.0482252 2.161
96600 0.0482752 2.0929
96700 0.0483253 2.05946
96800 0.0483752 1.94708
96900 0.0484252 2.0189
97000 0.0484752 2.02019
97100 0.0485252 2.04583
97200 0.0485752 2.18402
97300 0.0486252 2.2138
97400 0.0486753 2.16896
97500 0.0487252 2.10816
97600 0.0487753 2.13544
97700 0.0488252 1.9913
97800 0.0488752 1.99264
97900 0.0489252 2.07637
98000 0.0489752 2.08122
98100 0.0490252 2.1635
98200 0.0490752 2.16882
98300 0.0491252 2.21088
98400 0.0491753 2.17226
98500 0.0492252 2.10637
98600 0.0492752 2.0464
98700 0.0493253 2.04153
98800 0.0493753 2.04241
98900 0.0494252 2.11316
99000 0.0494752 2.17116
99100 0.0495252 2.21858
99200 0.0495752 2.23499
99300 0.0496252 2.19048
99400 0.0496752 2.15466
99500 0.0497252 2.04143
99600 0.0497752 2.03869
99700 0.0498253 2.07054
99800 0.0498752 2.09011
99900 0.0499252 2.15436
100000 0.0499752 2.24367
100100 0.0500253 2.26495
100200 0.0500752 2.21207
100300 0.0501252 2.08658
100400 0.0501752 2.07822
100500 0.0502252 2.064
100600 0.0502752 2.01327
100700 0.0503252 2.14871
100800 0.0503752 2.23593
100900 0.0504252 2.24083
101000 0.0504752 2.2576
101100 0.0505253 2.22464
101200 0.0505753 2.20855
101300 0.0506252 2.10991
101400 0.0506753 2.05271
101500 0.0507253 2.05741
101600 0.0507752 2.11656
101700 0.0508252 2.18526
101800 0.0508753 2.19088
101900 0.0509252 2.22202
102000 0.0509752 2.21922
102100 0.0510253 2.18068
102200 0.0510752 2.07844
102300 0.0511252 2.16983
102400 0.0511752 2.13877
102500 0.0512252 2.15445
102600 0.0512752 2.15947
102700 0.0513252 2.25246
102800 0.0513753 2.25449
102900 0.0514252 2.24129
103000 0.0514752 2.20805
103100 0.0515252 2.1366
103200 0.0515753 2.14482
103300 0.0516252 2.15317
103400 0.0516752 2.15086
103500 0.0517253 2.2275
103600 0.0517753 2.23758
103700 0.0518252 2.25978
103800 0.0518752 2.21621
103900 0.0519253 2.22262
104000 0.0519752 2.19807
104100 0.0520252 2.15469
104200 0.0520753 2.1362
104300 0.0521253 2.13601
104400 0.0521752 2.24167
104500 0.0522252 2.30139
104600 0.0522753 2.30035
104700 0.0523252 2.27075
104800 0.0523752 2.24609
104900 0.0524252 2.17093
105000 0.0524753 2.125
105100 0.0525252 2.19719
105200 0.0525753 2.22809
105300 0.0526252 2.25655
105400 0.0526752 2.27222
105500 0.0527252 2.33368
105600 0.0527753 2.26585
105700 0.0528252 2.23248
105800 0.0528752 2.16574
105900 0.0529253 2.20707
106000 0.0529752 2.21843
106100 0.0530252 2.27142
106200 0.0530752 2.28837
106300 0.0531252 2.26645
106400 0.0531752 2.25413
106500 0.0532252 2.29722
106600 0.0532753 2.19027
106700 0.0533252 2.16872
106800 0.0533752 2.21455
106900 0.0534252 2.20299
107000 0.0534753 2.27281
107100 0.0535252 2.35845
107200 0.0535752 2.31742
107300 0.0536253 2.29135
107400 0.0536752 2.31731
107500 0.0537252 2.24709
107600 0.0537753 2.19551
107700 0.0538253 2.20842
107800 0.0538752 2.2792
107900 0.0539252 2.32643
108000 0.0539753 2.31333
108100 0.0540252 2.32757
108200 0.0540752 2.33397
108300 0.0541252 2.2802
108400 0.0541753 2.25392
108500 0.0542252 2.23065
108600 0.0542752 2.28264
108700 0.0543252 2.28556
108800 0.0543752 2.28626
108900 0.0544252 2.33176
109000 0.0544752 2.32335
109100 0.0545253 2.32101
109200 0.0545752 2.2575
109300 0.0546252 2.24402
109400 0.0546753 2.29692
109500 0.0547252 2.23467
109600 0.0547752 2.31477
109700 0.0548252 2.33305
109800 0.0548752 2.40111
109900 0.0549252 2.32112
110000 0.0549752 2.29112
110100 0.0550253 2.31502
110200 0.0550752 2.22828
110300 0.0551252 2.26892
110400 0.0551753 2.26818
110500 0.0552252 2.31542
110600 0.0552752 2.35239
110700 0.0553252 2.35154
110800 0.0553753 2.32037
110900 0.0554252 2.31704
111000 0.0554752 2.2877
111100 0.0555252 2.26417
111200 0.0555752 2.27814
111300 0.0556252 2.28223
111400 0.0556752 2.28013
111500 0.0557253 2.30843
111600 0.0557752 2.31752
111700 0.0558252 2.31455
111800 0.0558753 2.36948
111900 0.0559252 2.36345
112000 0.0559752 2.35661
112100 0.0560252 2.30149
112200 0.0560753 2.31342
112300 0.0561252 2.35776
112400 0.0561752 2.33258
112500 0.0562252 2.30468
112600 0.0562752 2.38818
112700 0.0563252 2.38157
112800 0.0563753 2.37036
112900 0.0564252 2.41153
113000 0.0564752 2.38745
113100 0.0565252 2.34387
113200 0.0565753 2.26096
113300 0.0566252 2.35872
113400 0.0566752 2.36478
113500 0.0567253 2.40649
113600 0.0567752 2.38379
113700 0.0568252 2.4397
113800 0.0568752 2.45016
113900 0.0569253 2.39391
114000 0.0569752 2.33615
114100 0.0570252 2.29474
114200 0.0570753 2.30164
114300 0.0571252 2.3287
114400 0.0571752 2.30486
114500 0.0572252 2.42796
114600 0.0572752 2.47679
114700 0.0573252 2.41221
114800 0.0573752 2.4308
114900 0.0574253 2.36013
115000 0.0574752 2.34015
115100 0.0575252 2.2998
115200 0.0575752 2.37671
115300 0.0576252 2.3878
115400 0.0576752 2.48355
115500 0.0577252 2.46884
115600 0.0577753 2.51662
115700 0.0578252 2.45874
115800 0.0578752 2.35854
115900 0.0579252 2.36513
116000 0.0579752 2.41885
116100 0.0580252 2.41202
116200 0.0580753 2.38264
116300 0.0581252 2.53309
116400 0.0581752 2.53706
116500 0.0582252 2.46887
116600 0.0582752 2.44723
116700 0.0583252 2.47198
116800 0.0583752 2.39111
116900 0.0584253 2.38474
117000 0.0584752 2.49086
117100 0.0585252 2.44443
117200 0.0585752 2.5085
117300 0.0586253 2.45452
117400 0.0586752 2.48332
117500 0.0587252 2.47246
117600 0.0587753 2.41549
117700 0.0588253 2.43746
117800 0.0588752 2.49661
117900 0.0589252 2.47494
118000 0.0589753 2.48988
118100 0.0590252 2.52815
118200 0.0590752 2.52857
118300 0.0591253 2.51413
118400 0.0591752 2.4789
118500 0.0592252 2.48273
118600 0.0592752 2.49553
118700 0.0593253 2.54174
118800 0.0593752 2.51334
118900 0.0594252 2.5001
119000 0.0594753 2.48039
119100 0.0595252 2.49472
119200 0.0595752 2.54375
119300 0.0596252 2.48905
119400 0.0596753 2.50281
119500 0.0597252 2.50433
119600 0.0597752 2.48698
119700 0.0598253 2.45326
119800 0.0598752 2.44913
119900 0.0599252 2.5259
120000 0.0599752 2.46345
120100 0.0600252 2.47456
120200 0.0600752 2.52665
120300 0.0601252 2.56215
120400 0.0601753 2.50381
120500 0.0602252 2.53585
120600 0.0602752 2.53113
120700 0.0603253 2.48568
120800 0.0603752 2.41622
120900 0.0604252 2.5114
121000 0.0604752 2.49614
121100 0.0605253 2.53629
121200 0.0605752 2.539
121300 0.0606252 2.59191
121400 0.0606753 2.56522
121500 0.0607252 2.51755
121600 0.0607752 2.56797
121700 0.0608252 2.50683
121800 0.0608753 2.48771
121900 0.0609252 2.48502
122000 0.0609752 2.51263
122100 0.0610253 2.5854
122200 0.0610752 2.59599
122300 0.0611252 2.58273
122400 0.0611752 2.54097
122500 0.0612253 2.52739
122600 0.0612752 2.49793
122700 0.0613252 2.53255
122800 0.0613752 2.5519
122900 0.0614252 2.54878
123000 0.0614752 2.60261
123100 0.0615253 2.56419
123200 0.0615752 2.56493
123300 0.0616252 2.59584
123400 0.0616752 2.60378
123500 0.0617253 2.5673
123600 0.0617752 2.56439
123700 0.0618252 2.57221
123800 0.0618752 2.59443
123900 0.0619252 2.55769
124000 0.0619752 2.58143
124100 0.0620252 2.58213
124200 0.0620753 2.62657
124300 0.0621252 2.55448
124400 0.0621752 2.57758
124500 0.0622253 2.56939
124600 0.0622752 2.52498
124700 0.0623252 2.581
124800 0.0623752 2.59043
124900 0.0624253 2.58663
125000 0.0624752 2.7158
125100 0.0625252 2.6319
125200 0.0625752 2.60191
125300 0.0626252 2.52771
125400 0.0626752 2.50465
125500 0.0627252 2.56214
125600 0.0627753 2.57723
125700 0.0628252 2.68188
125800 0.0628752 2.68334
125900 0.0629252 2.70031
126000 0.0629752 2.69317
126100 0.0630252 2.62173
126200 0.0630752 2.54008
126300 0.0631252 2.57876
126400 0.0631752 2.57418
126500 0.0632252 2.63281
126600 0.0632753 2.64033
126700 0.0633252 2.66376
126800 0.0633752 2.66126
126900 0.0634253 2.59968
127000 0.0634752 2.66
127100 0.0635252 2.59031
127200 0.0635752 2.60373
127300 0.0636252 2.65477
127400 0.0636752 2.66575
127500 0.0637252 2.68719
127600 0.0637752 2.67669
127700 0.0638252 2.71952
127800 0.0638752 2.68642
127900 0.0639253 2.7466
128000 0.0639753 2.58959
128100 0.0640252 2.62385
128200 0.0640752 2.64483
128300 0.0641253 2.62779
128400 0.0641752 2.66886
128500 0.0642252 2.75391
128600 0.0642753 2.71004
128700 0.0643253 2.66112
128800 0.0643752 2.69179
128900 0.0644252 2.62499
129000 0.0644752 2.6004
129100 0.0645252 2.62388
129200 0.0645752 2.74314
129300 0.0646252 2.75644
129400 0.0646752 2.7211
129500 0.0647252 2.75522
129600 0.0647753 2.72902
129700 0.0648253 2.68654
129800 0.0648752 2.67939
129900 0.0649252 2.7638
130000 0.0649752 2.69455
130100 0.0650252 2.71547
130200 0.0650752 2.75622
130300 0.0651252 2.74229
130400 0.0651753 2.74343
130500 0.0652252 2.6738
130600 0.0652752 2.67807
130700 0.0653253 2.71923
130800 0.0653752 2.71375
130900 0.0654252 2.70178
131000 0.0654752 2.70624
131100 0.0655252 2.70713
131200 0.0655752 2.67908
131300 0.0656252 2.74795
131400 0.0656752 2.7621
131500 0.0657252 2.72803
131600 0.0657752 2.72252
131700 0.0658253 2.74275
131800 0.0658752 2.75465
131900 0.0659252 2.71931
132000 0.0659752 2.69776
132100 0.0660252 2.72894
132200 0.0660752 2.77817
132300 0.0661252 2.77782
132400 0.0661753 2.75419
132500 0.0662252 2.77132
132600 0.0662752 2.77414
132700 0.0663252 2.79789
132800 0.0663753 2.74517
132900 0.0664252 2.78043
133000 0.0664752 2.80818
133100 0.0665253 2.76219
133200 0.0665752 2.79631
133300 0.0666252 2.79442
133400 0.0666752 2.77421
133500 0.0667253 2.81446
133600 0.0667752 2.77587
133700 0.0668252 2.82027
133800 0.0668752 2.78014
133900 0.0669252 2.73146
134000 0.0669752 2.71965
134100 0.0670252 2.7836
134200 0.0670753 2.84117
134300 0.0671252 2.78262
134400 0.0671752 2.75461
134500 0.0672252 2.78765
134600 0.0672752 2.80294
134700 0.0673252 2.72464
134800 0.0673752 2.70079
134900 0.0674252 2.79088
135000 0.0674752 2.79112
135100 0.0675252 2.7652
135200 0.0675752 2.81197
135300 0.0676252 2.82641
135400 0.0676752 2.77868
135500 0.0677253 2.78175
135600 0.0677752 2.79922
135700 0.0678252 2.81555
135800 0.0678752 2.82512
135900 0.0679253 2.80379
136000 0.0679752 2.82827
136100 0.0680252 2.75704
136200 0.0680753 2.81487
136300 0.0681252 2.85189
136400 0.0681752 2.87304
136500 0.0682252 2.89837
136600 0.0682752 2.86101
136700 0.0683252 2.77994
136800 0.0683752 2.78387
136900 0.0684253 2.81987
137000 0.0684752 2.83173
137100 0.0685252 2.81981
137200 0.0685753 2.82542
137300 0.0686252 2.84105
137400 0.0686752 2.82348
137500 0.0687252 2.88664
137600 0.0687753 2.90981
137700 0.0688252 2.85977
137800 0.0688752 2.84528
137900 0.0689252 2.81793
138000 0.0689752 2.79568
138100 0.0690252 2.84976
138200 0.0690752 2.87278
138300 0.0691252 2.86749
138400 0.0691752 2.84424
138500 0.0692252 2.8728
138600 0.0692753 2.90235
138700 0.0693253 2.84818
138800 0.0693752 2.86485
138900 0.0694252 2.89592
139000 0.0694753 2.80256
139100 0.0695252 2.79827
139200 0.0695752 2.88095
139300 0.0696252 2.86169
139400 0.0696752 2.90926
139500 0.0697252 2.91747
139600 0.0697752 2.88047
139700 0.0698253 2.88224
139800 0.0698752 2.88883
139900 0.0699252 2.82085
140000 0.0699753 2.87075
140100 0.0700252 2.85187
140200 0.0700752 2.87261
140300 0.0701253 2.90745
140400 0.0701752 2.92038
140500 0.0702252 2.88844
140600 0.0702752 2.89101
140700 0.0703253 2.94116
140800 0.0703752 2.89268
140900 0.0704252 2.93116
141000 0.0704753 2.94512
141100 0.0705252 2.92673
141200 0.0705752 2.85208
141300 0.0706252 2.81986
141400 0.0706752 2.9167
141500 0.0707252 2.97372
141600 0.0707752 2.98587
141700 0.0708253 2.94132
141800 0.0708752 2.96737
141900 0.0709252 2.92091
142000 0.0709753 2.83424
142100 0.0710253 2.92902
142200 0.0710752 2.90155
142300 0.0711252 2.91606
142400 0.0711753 2.89619
142500 0.0712252 2.96389
142600 0.0712752 3.02544
142700 0.0713252 2.92988
142800 0.0713752 2.96828
142900 0.0714252 2.91466
143000 0.0714752 2.89671
143100 0.0715253 2.90051
143200 0.0715752 2.95137
143300 0.0716252 2.99572
143400 0.0716752 2.98986
143500 0.0717253 3.00498
143600 0.0717752 2.95962
143700 0.0718252 2.95132
143800 0.0718753 2.91284
143900 0.0719252 2.92279
144000 0.0719752 2.93448
144100 0.0720252 2.92145
144200 0.0720752 2.96495
144300 0.0721252 3.00087
144400 0.0721752 3.04681
144500 0.0722252 2.96375
144600 0.0722752 2.98192
144700 0.0723252 2.96891
144800 0.0723753 2.92838
144900 0.0724252 2.93778
145000 0.0724752 2.96781
145100 0.0725252 2.99501
145200 0.0725752 3.03278
145300 0.0726252 3.07694
145400 0.0726752 3.0033
145500 0.0727253 2.96639
145600 0.0727752 3.01194
145700 0.0728252 2.96479
145800 0.0728753 2.9853
145900 0.0729252 3.01979
146000 0.0729752 3.04285
146100 0.0730252 3.02815
146200 0.0730753 2.97471
146300 0.0731252 3.04591
146400 0.0731752 2.98665
146500 0.0732252 3.00116
146600 0.0732752 2.99102
146700 0.0733252 3.05062
146800 0.0733752 3.09381
146900 0.0734252 3.05966
147000 0.0734752 3.09064
147100 0.0735252 3.05202
147200 0.0735753 3.00789
147300 0.0736253 2.94691
147400 0.0736752 2.97153
147500 0.0737252 2.9932
147600 0.0737753 3.0161
147700 0.0738252 3.08262
147800 0.0738752 3.10295
147900 0.0739252 3.06675
148000 0.0739752 3.09159
148100 0.0740252 3.00564
148200 0.0740752 2.97547
148300 0.0741252 2.98815
148400 0.0741752 3.0199
148500 0.0742252 3.109
148600 0.0742752 3.06225
148700 0.0743252 3.11576
148800 0.0743752 3.05552
148900 0.0744252 3.05749
149000 0.0744752 2.99752
149100 0.0745252 2.99001
149200 0.0745752 3.04681
149300 0.0746253 3.10486
149400 0.0746752 3.13217
149500 0.0747252 3.06258
149600 0.0747753 3.14009
149700 0.0748252 3.0866
149800 0.0748752 2.99499
149900 0.0749252 2.97554
150000 0.0749752 3.01431
150100 0.0750252 3.02626
150200 0.0750752 3.02703
150300 0.0751253 3.15712
150400 0.0751752 3.23081
150500 0.0752252 3.15374
150600 0.0752753 3.09057
150700 0.0753253 3.10177
150800 0.0753752 3.0311
150900 0.0754252 3.03586
151000 0.0754753 3.02901
151100 0.0755252 3.08042
151200 0.0755752 3.09583
151300 0.0756253 3.11104
151400 0.0756752 3.0717
151500 0.0757252 3.12639
151600 0.0757752 3.1553
151700 0.0758252 3.00931
151800 0.0758752 3.00845
151900 0.0759252 3.07886
152000 0.0759752 3.09319
152100 0.0760252 3.15122
152200 0.0760752 3.18515
152300 0.0761252 3.18565
152400 0.0761752 3.11022
152500 0.0762252 3.08969
152600 0.0762752 3.1128
152700 0.0763252 3.08719
152800 0.0763752 3.13747
152900 0.0764252 3.06605
153000 0.0764752 3.18926
153100 0.0765253 3.2256
153200 0.0765752 3.12861
153300 0.0766252 3.20342
153400 0.0766753 3.1761
153500 0.0767252 3.07933
153600 0.0767752 3.0768
153700 0.0768252 3.10196
153800 0.0768752 3.15528
153900 0.0769252 3.13117
154000 0.0769752 3.20794
154100 0.0770253 3.25661
154200 0.0770752 3.23026
154300 0.0771252 3.16143
154400 0.0771753 3.1302
154500 0.0772252 3.06136
154600 0.0772752 3.04048
154700 0.0773252 3.05708
154800 0.0773752 3.18729
154900 0.0774252 3.28767
155000 0.0774752 3.2619
155100 0.0775252 3.23671
155200 0.0775752 3.24286
155300 0.0776252 3.09263
155400 0.0776752 3.1229
155500 0.0777252 3.06105
155600 0.0777752 3.11312
155700 0.0778252 3.14086
155800 0.0778753 3.23851
155900 0.0779253 3.33518
156000 0.0779752 3.26825
156100 0.0780252 3.15726
156200 0.0780752 3.12186
156300 0.0781252 3.19275
156400 0.0781752 3.15306
156500 0.0782252 3.23325
156600 0.0782752 3.25388
156700 0.0783252 3.28215
156800 0.0783752 3.26817
156900 0.0784252 3.22649
157000 0.0784752 3.20932
157100 0.0785252 3.14839
157200 0.0785752 3.15229
157300 0.0786252 3.14631
157400 0.0786752 3.18687
157500 0.0787252 3.2548
157600 0.0787752 3.24756
157700 0.0788252 3.30648
157800 0.0788752 3.25056
157900 0.0789252 3.29206
158000 0.0789752 3.20761
158100 0.0790252 3.1508
158200 0.0790752 3.17865
158300 0.0791252 3.20556
158400 0.0791752 3.28126
158500 0.0792252 3.33576
158600 0.0792752 3.31387
158700 0.0793252 3.25489
158800 0.0793752 3.23919
158900 0.0794253 3.13623
159000 0.0794752 3.21573
159100 0.0795252 3.26304
159200 0.0795753 3.21624
159300 0.0796253 3.21927
159400 0.0796752 3.25094
159500 0.0797252 3.35091
159600 0.0797752 3.28178
159700 0.0798252 3.21668
159800 0.0798752 3.28743
159900 0.0799253 3.25065
160000 0.0799752 3.25136
160100 0.0800252 3.1992
160200 0.0800752 3.3205
160300 0.0801252 3.27303
160400 0.0801752 3.31716
160500 0.0802252 3.35503
160600 0.0802753 3.2886
160700 0.0803253 3.29553
160800 0.0803752 3.22023
160900 0.0804252 3.21462
161000 0.0804753 3.22579
161100 0.0805252 3.31453
161200 0.0805752 3.29263
161300 0.0806252 3.39751
161400 0.0806752 3.37306
161500 0.0807252 3.30869
161600 0.0807752 3.30711
161700 0.0808253 3.28414
161800 0.0808752 3.20422
161900 0.0809252 3.23223
162000 0.0809752 3.23937
162100 0.0810252 3.30284
162200 0.0810752 3.31023
162300 0.0811252 3.3493
162400 0.0811752 3.36453
162500 0.0812252 3.35726
162600 0.0812752 3.28936
162700 0.0813252 3.24557
162800 0.0813752 3.22149
162900 0.0814252 3.21213
163000 0.0814752 3.27062
163100 0.0815252 3.35844
163200 0.0815752 3.33085
163300 0.0816252 3.369
163400 0.0816752 3.39084
163500 0.0817252 3.33321
163600 0.0817752 3.25582
163700 0.0818252 3.26813
163800 0.0818752 3.23571
163900 0.0819252 3.29299
164000 0.0819752 3.36066
164100 0.0820253 3.3921
164200 0.0820752 3.36456
164300 0.0821252 3.35521
164400 0.0821753 3.32136
164500 0.0822252 3.27699
164600 0.0822752 3.34102
164700 0.0823252 3.33971
164800 0.0823752 3.28915
164900 0.0824252 3.34822
165000 0.0824752 3.33107
165100 0.0825253 3.34317
165200 0.0825752 3.31415
165300 0.0826252 3.33555
165400 0.0826752 3.34035
165500 0.0827253 3.30682
165600 0.0827752 3.37488
165700 0.0828252 3.40574
165800 0.0828753 3.34187
165900 0.0829252 3.32242
166000 0.0829752 3.33758
166100 0.0830252 3.33838
166200 0.0830752 3.30418
166300 0.0831252 3.3459
166400 0.0831752 3.32334
166500 0.0832252 3.38395
166600 0.0832752 3.38479
166700 0.0833252 3.41046
166800 0.0833752 3.4399
166900 0.0834252 3.42135
167000 0.0834752 3.33299
167100 0.0835252 3.27614
167200 0.0835752 3.30872
167300 0.0836252 3.33562
167400 0.0836752 3.42204
167500 0.0837252 3.3988
167600 0.0837752 3.43278
167700 0.0838252 3.39952
167800 0.0838752 3.37863
167900 0.0839252 3.3594
168000 0.0839752 3.32663
168100 0.0840252 3.36703
168200 0.0840752 3.43562
168300 0.0841252 3.4332
168400 0.0841752 3.45269
168500 0.0842253 3.4312
168600 0.0842753 3.4353
168700 0.0843252 3.39893
168800 0.0843752 3.34136
168900 0.0844253 3.39188
169000 0.0844752 3.39324
169100 0.0845252 3.44412
169200 0.0845753 3.50863
169300 0.0846252 3.46597
169400 0.0846752 3.48915
169500 0.0847252 3.46374
169600 0.0847752 3.47771
169700 0.0848252 3.45653
169800 0.0848752 3.39616
169900 0.0849252 3.35832
170000 0.0849752 3.42214
170100 0.0850252 3.41814
170200 0.0850753 3.44287
170300 0.0851252 3.47526
170400 0.0851752 3.48079
170500 0.0852252 3.45455
170600 0.0852752 3.44543
170700 0.0853252 3.34537
170800 0.0853752 3.44344
170900 0.0854252 3.40698
171000 0.0854752 3.43068
171100 0.0855252 3.45422
171200 0.0855752 3.46577
171300 0.0856252 3.52443
171400 0.0856752 3.48789
171500 0.0857252 3.55381
171600 0.0857752 3.4406
171700 0.0858252 3.39734
171800 0.0858752 3.41691
171900 0.0859253 3.46404
172000 0.0859753 3.49316
172100 0.0860252 3.50703
172200 0.0860752 3.5658
172300 0.0861253 3.54663
172400 0.0861752 3.4508
172500 0.0862252 3.37902
172600 0.0862752 3.51214
172700 0.0863253 3.49032
172800 0.0863752 3.44511
172900 0.0864252 3.52963
173000 0.0864753 3.60734
173100 0.0865252 3.52835
173200 0.0865752 3.44222
173300 0.0866252 3.50564
173400 0.0866752 3.52528
173500 0.0867252 3.50881
173600 0.0867752 3.5232
173700 0.0868253 3.57986
173800 0.0868752 3.47009
173900 0.0869252 3.45918
174000 0.0869752 3.52487
174100 0.0870252 3.55942
174200 0.0870752 3.48579
174300 0.0871252 3.48989
174400 0.0871752 3.52814
174500 0.0872252 3.51384
174600 0.0872752 3.49426
174700 0.0873253 3.5595
174800 0.0873752 3.58209
174900 0.0874252 3.55375
175000 0.0874752 3.56121
175100 0.0875252 3.55636
175200 0.0875752 3.52056
175300 0.0876252 3.52781
175400 0.0876752 3.45623
175500 0.0877252 3.52167
175600 0.0877752 3.53437
175700 0.0878252 3.5443
175800 0.0878752 3.62057
175900 0.0879252 3.63213
176000 0.0879752 3.63149
176100 0.0880252 3.58898
176200 0.0880752 3.51843
176300 0.0881252 3.49563
176400 0.0881752 3.46106
176500 0.0882253 3.55476
176600 0.0882752 3.58567
176700 0.0883252 3.6034
176800 0.0883752 3.71043
176900 0.0884252 3.68541
177000 0.0884752 3.58728
177100 0.0885252 3.58439
177200 0.0885752 3.56035
177300 0.0886252 3.48146
177400 0.0886752 3.59426
177500 0.0887253 3.66969
177600 0.0887752 3.63775
177700 0.0888252 3.63804
177800 0.0888752 3.62939
177900 0.0889252 3.66955
178000 0.0889752 3.65088
178100 0.0890252 3.62774
178200 0.0890752 3.58458
178300 0.0891252 3.60775
178400 0.0891752 3.67949
178500 0.0892252 3.66742
178600 0.0892752 3.70939
178700 0.0893252 3.59506
178800 0.0893752 3.65882
178900 0.0894252 3.58612
179000 0.0894752 3.56766
179100 0.0895253 3.61844
179200 0.0895753 3.58055
179300 0.0896252 3.6326
179400 0.0896752 3.67643
179500 0.0897253 3.71083
179600 0.0897752 3.67017
179700 0.0898252 3.63962
179800 0.0898752 3.67121
179900 0.0899253 3.63992
180000 0.0899752 3.64141
180100 0.0900252 3.66544
180200 0.0900752 3.69303
180300 0.0901253 3.64287
180400 0.0901752 3.67007
180500 0.0902252 3.73413
180600 0.0902752 3.72302
180700 0.0903252 3.65043
180800 0.0903752 3.66308
180900 0.0904252 3.65752
181000 0.0904752 3.59427
181100 0.0905252 3.62529
181200 0.0905752 3.71193
181300 0.0906252 3.77527
181400 0.0906752 3.67873
181500 0.0907252 3.65726
181600 0.0907752 3.62927
181700 0.0908252 3.6346
181800 0.0908752 3.59127
181900 0.0909252 3.64124
182000 0.0909752 3.65711
182100 0.0910252 3.7291
182200 0.0910752 3.72486
182300 0.0911253 3.64131
182400 0.0911752 3.67529
182500 0.0912252 3.64246
182600 0.0912752 3.59601
182700 0.0913252 3.62155
182800 0.0913752 3.68415
182900 0.0914252 3.74394
183000 0.0914752 3.69185
183100 0.0915252 3.74309
183200 0.0915752 3.74481
183300 0.0916252 3.64501
183400 0.0916752 3.65336
183500 0.0917252 3.64004
183600 0.0917752 3.71328
183700 0.0918252 3.67498
183800 0.0918752 3.72248
183900 0.0919253 3.73557
184000 0.0919753 3.74163
184100 0.0920252 3.79596
184200 0.0920752 3.6872
184300 0.0921253 3.66851
184400 0.0921753 3.64331
184500 0.0922252 3.62087
184600 0.0922752 3.65739
184700 0.0923253 3.73505
184800 0.0923752 3.75759
184900 0.0924252 3.80898
185000 0.0924752 3.77292
185100 0.0925253 3.76796
185200 0.0925752 3.65504
185300 0.0926252 3.64058
185400 0.0926753 3.72105
185500 0.0927252 3.71013
185600 0.0927752 3.71569
185700 0.0928252 3.87433
185800 0.0928752 3.85082
185900 0.0929252 3.80757
186000 0.0929752 3.67552
186100 0.0930252 3.72065
186200 0.0930752 3.71182
186300 0.0931252 3.6328
186400 0.0931752 3.76175
186500 0.0932252 3.79175
186600 0.0932752 3.81146
186700 0.0933252 3.74012
186800 0.0933752 3.75251
186900 0.0934252 3.80792
187000 0.0934752 3.69331
187100 0.0935253 3.71395
187200 0.0935752 3.65933
187300 0.0936252 3.71896
187400 0.0936752 3.70346
187500 0.0937253 3.76561
187600 0.0937752 3.80557
187700 0.0938252 3.88091
187800 0.0938752 3.80289
187900 0.0939252 3.75426
188000 0.0939752 3.69578
188100 0.0940252 3.67181
188200 0.0940752 3.73296
188300 0.0941252 3.72038
188400 0.0941752 3.79499
188500 0.0942252 3.88547
188600 0.0942752 3.92862
188700 0.0943252 3.87094
188800 0.0943752 3.76524
188900 0.0944252 3.73146
189000 0.0944752 3.75212
189100 0.0945252 3.74562
189200 0.0945752 3.77085
189300 0.0946252 3.84341
189400 0.0946752 3.83476
189500 0.0947253 3.82075
189600 0.0947753 3.89398
189700 0.0948252 3.8683
189800 0.0948752 3.77515
189900 0.0949252 3.66268
190000 0.0949752 3.73872
190100 0.0950252 3.76218
190200 0.0950753 3.79662
190300 0.0951252 3.81936
190400 0.0951752 3.89781
190500 0.0952252 3.87402
190600 0.0952752 3.83806
190700 0.0953252 3.80198
190800 0.0953752 3.795
190900 0.0954252 3.72774
191000 0.0954752 3.76382
191100 0.0955252 3.80274
191200 0.0955753 3.89151
191300 0.0956252 3.81261
191400 0.0956752 3.9213
191500 0.0957253 3.9006
191600 0.0957752 3.83757
191700 0.0958252 3.80667
191800 0.0958752 3.79568
191900 0.0959253 3.78939
192000 0.0959752 3.77307
192100 0.0960252 3.84069
192200 0.0960752 3.94623
192300 0.0961252 3.98815
192400 0.0961752 3.98589
192500 0.0962252 3.90522
192600 0.0962752 3.83126
192700 0.0963252 3.74837
192800 0.0963752 3.73722
192900 0.0964252 3.78278
193000 0.0964752 3.93615
193100 0.0965252 3.89709
193200 0.0965752 3.98323
193300 0.0966252 3.94568
193400 0.0966752 3.94054
193500 0.0967252 3.82729
193600 0.0967752 3.80254
193700 0.0968252 3.80278
193800 0.0968752 3.79551
193900 0.0969253 3.82702
194000 0.0969753 3.92289
194100 0.0970252 3.9952
194200 0.0970752 3.97103
194300 0.0971253 3.92601
194400 0.0971752 3.8706
194500 0.0972252 3.84125
194600 0.0972752 3.81281
194700 0.0973253 3.86024
194800 0.0973752 3.91678
194900 0.0974252 4.0099
195000 0.0974752 3.99982
195100 0.0975252 4.02673
195200 0.0975752 3.97717
195300 0.0976252 3.85245
195400 0.0976753 3.80813
195500 0.0977252 3.83459
195600 0.0977752 3.80476
195700 0.0978252 3.91105
195800 0.0978752 3.94429
195900 0.0979252 4.04252
196000 0.0979752 4.01825
196100 0.0980252 4.0369
196200 0.0980752 3.90146
196300 0.0981252 3.78695
196400 0.0981752 3.80286
196500 0.0982252 3.861
196600 0.0982752 3.8866
196700 0.0983252 3.89164
196800 0.0983752 4.01459
196900 0.0984252 3.99862
197000 0.0984752 4.01614
197100 0.0985252 3.95173
197200 0.0985752 3.94576
197300 0.0986252 3.86835
197400 0.0986752 3.80233
197500 0.0987252 3.81724
197600 0.0987752 3.91915
197700 0.0988252 3.91853
197800 0.0988752 3.97926
197900 0.0989252 4.00207
198000 0.0989752 4.05864
198100 0.0990252 3.88388
198200 0.0990752 3.82059
198300 0.0991252 3.9133
198400 0.0991752 3.92279
198500 0.0992252 3.91826
198600 0.0992752 3.99214
198700 0.0993252 4.0014
198800 0.0993752 3.9595
198900 0.0994252 3.94678
199000 0.0994752 3.89316
199100 0.0995253 3.94017
199200 0.0995753 3.88679
199300 0.0996252 3.97057
199400 0.0996752 3.96464
199500 0.0997252 3.89113
199600 0.0997752 3.96141
199700 0.0998252 3.99257
199800 0.0998752 3.98973
199900 0.0999252 3.98838
200000 0.0999752 3.98606
200100 0.100025 3.97119
200200 0.100075 3.88092
200300 0.100125 3.89999
200400 0.100175 3.8211
200500 0.100225 3.98056
200600 0.100275 4.05408
200700 0.100325 4.04471
200800 0.100375 4.03646
200900 0.100425 4.0484
201000 0.100475 4.00153
201100 0.100525 3.83871
201200 0.100575 3.92716
201300 0.100625 3.93024
201400 0.100675 3.90016
201500 0.100725 3.91514
201600 0.100775 4.0222
201700 0.100825 4.09227
201800 0.100875 4.03377
201900 0.100925 4.07064
202000 0.100975 3.99373
202100 0.101025 3.96922
202200 0.101075 3.89894
202300 0.101125 3.89518
202400 0.101175 3.94608
202500 0.101225 4.03082
202600 0.101275 4.08892
202700 0.101325 4.11115
202800 0.101375 4.15965
202900 0.101425 4.07393
203000 0.101475 4.09821
203100 0.101525 3.99305
203200 0.101575 3.96142
203300 0.101625 3.95257
203400 0.101675 3.97567
203500 0.101725 4.06776
203600 0.101775 4.08962
203700 0.101825 4.19505
203800 0.101875 4.07759
203900 0.101925 4.00604
204000 0.101975 4.01468
204100 0.102025 3.96554
204200 0.102075 4.05037
204300 0.102125 3.97868
204400 0.102175 4.08463
204500 0.102225 4.09534
204600 0.102275 4.11252
204700 0.102325 4.11015
204800 0.102375 4.08013
204900 0.102425 3.96965
205000 0.102475 3.95381
205100 0.102525 4.03876
205200 0.102575 4.00398
205300 0.102625 4.04784
205400 0.102675 4.10838
205500 0.102725 4.13331
205600 0.102775 4.16754
205700 0.102825 4.07885
205800 0.102875 4.06772
205900 0.102925 4.0723
206000 0.102975 3.9921
206100 0.103025 4.01867
206200 0.103075 4.03359
206300 0.103125 4.11211
206400 0.103175 4.12296
206500 0.103225 4.24781
206600 0.103275 4.14825
206700 0.103325 4.11001
206800 0.103375 4.05833
206900 0.103425 4.03239
207000 0.103475 4.01529
207100 0.103525 4.0602
207200 0.103575 4.11469
207300 0.103625 4.16494
207400 0.103675 4.16063
207500 0.103725 4.17004
207600 0.103775 4.16065
207700 0.103825 4.07187
207800 0.103875 4.04345
207900 0.103925 4.06975
208000 0.103975 4.06215
208100 0.104025 4.11273
208200 0.104075 4.14474
208300 0.104125 4.09801
208400 0.104175 4.12585
208500 0.104225 4.11825
208600 0.104275 4.14781
208700 0.104325 4.13084
208800 0.104375 4.14322
208900 0.104425 4.1318
209000 0.104475 4.1639
209100 0.104525 4.17838
209200 0.104575 4.09893
209300 0.104625 4.19363
209400 0.104675 4.17216
209500 0.104725 4.11335
209600 0.104775 4.1
209700 0.104825 4.10937
209800 0.104875 4.1062
209900 0.104925 4.12004
210000 0.104975 4.18115
210100 0.105025 4.21991
210200 0.105075 4.23103
210300 0.105125 4.20462
210400 0.105175 4.15166
210500 0.105225 4.15215
210600 0.105275 4.14152
210700 0.105325 4.14912
210800 0.105375 4.10712
210900 0.105425 4.16835
211000 0.105475 4.14228
211100 0.105525 4.17718
211200 0.105575 4.22813
211300 0.105625 4.17949
211400 0.105675 4.14733
211500 0.105725 4.16365
211600 0.105775 4.14369
211700 0.105825 4.11708
211800 0.105875 4.14168
211900 0.105925 4.12206
212000 0.105975 4.20357
212100 0.106025 4.22588
212200 0.106075 4.23844
212300 0.106125 4.25466
212400 0.106175 4.20327
212500 0.106225 4.18512
212600 0.106275 4.14011
212700 0.106325 4.16296
212800 0.106375 4.1843
212900 0.106425 4.21608
213000 0.106475 4.17001
213100 0.106525 4.1868
213200 0.106575 4.20879
213300 0.106625 4.18971
213400 0.106675 4.18293
213500 0.106725 4.26245
213600 0.106775 4.23006
213700 0.106825 4.2342
213800 0.106875 4.24585
213900 0.106925 4.28941
214000 0.106975 4.24052
214100 0.107025 4.1874
214200 0.107075 4.17322
214300 0.107125 4.19016
214400 0.107175 4.21568
214500 0.107225 4.22729
214600 0.107275 4.29447
214700 0.107325 4.30947
214800 0.107375 4.22693
214900 0.107425 4.30752
215000 0.107475 4.2211
215100 0.107525 4.18429
215200 0.107575 4.18168
215300 0.107625 4.19292
215400 0.107675 4.23023
215500 0.107725 4.30507
215600 0.107775 4.27622
215700 0.107825 4.27887
215800 0.107875 4.33512
215900 0.107925 4.22338
216000 0.107975 4.21434
216100 0.108025 4.22182
216200 0.108075 4.18582
216300 0.108125 4.19229
216400 0.108175 4.25201
216500 0.108225 4.32426
216600 0.108275 4.31221
216700 0.108325 4.22075
216800 0.108375 4.26573
216900 0.108425 4.24782
217000 0.108475 4.20018
217100 0.108525 4.2474
217200 0.108575 4.29101
217300 0.108625 4.23489
217400 0.108675 4.22803
217500 0.108725 4.26023
217600 0.108775 4.3018
217700 0.108825 4.23408
217800 0.108875 4.22379
217900 0.108925 4.21782
218000 0.108975 4.22942
218100 0.109025 4.17628
218200 0.109075 4.25624
218300 0.109125 4.30105
218400 0.109175 4.28685
218500 0.109225 4.29008
218600 0.109275 4.25372
218700 0.109325 4.22061
218800 0.109375 4.17984
218900 0.109425 4.16038
219000 0.109475 4.23727
219100 0.109525 4.26777
219200 0.109575 4.31914
219300 0.109625 4.32617
219400 0.109675 4.35054
219500 0.109725 4.25752
219600 0.109775 4.19751
219700 0.109825 4.29691
219800 0.109875 4.18064
219900 0.109925 4.24873
220000 0.109975 4.18782
220100 0.110025 4.29116
220200 0.110075 4.33627
220300 0.110125 4.34597
220400 0.110175 4.27716
220500 0.110225 4.2965
220600 0.110275 4.21764
220700 0.110325 4.20654
220800 0.110375 4.24843
220900 0.110425 4.24828
221000 0.110475 4.31309
221100 0.110525 4.30017
221200 0.110575 4.33375
221300 0.110625 4.34404
221400 0.110675 4.25873
221500 0.110725 4.31882
221600 0.110775 4.31773
221700 0.110825 4.25743
221800 0.110875 4.23068
221900 0.110925 4.29214
222000 0.110975 4.3592
222100 0.111025 4.41086
222200 0.111075 4.35798
222300 0.111125 4.42898
222400 0.111175 4.37261
222500 0.111225 4.31694
222600 0.111275 4.26863
222700 0.111325 4.36528
222800 0.111375 4.39012
222900 0.111425 4.35985
223000 0.111475 4.41488
223100 0.111525 4.40909
223200 0.111575 4.35527
223300 0.111625 4.30805
223400 0.111675 4.30913
223500 0.111725 4.36945
223600 0.111775 4.2245
223700 0.111825 4.26808
223800 0.111875 4.34932
223900 0.111925 4.39839
224000 0.111975 4.38582
224100 0.112025 4.42799
224200 0.112075 4.38591
224300 0.112125 4.36098
224400 0.112175 4.31244
224500 0.112225 4.28379
224600 0.112275 4.26993
224700 0.112325 4.34111
224800 0.112375 4.48376
224900 0.112425 4.38907
225000 0.112475 4.44232
225100 0.112525 4.39913
225200 0.112575 4.3316
225300 0.112625 4.31656
225400 0.112675 4.33644
225500 0.112725 4.42463
225600 0.112775 4.36021
225700 0.112825 4.34894
225800 0.112875 4.46347
225900 0.112925 4.48659
226000 0.112975 4.47118
226100 0.113025 4.39773
226200 0.113075 4.37442
226300 0.113125 4.43464
226400 0.113175 4.37693
226500 0.113225 4.3611
226600 0.113275 4.42522
226700 0.113325 4.48755
226800 0.113375 4.40327
226900 0.113425 4.44632
227000 0.113475 4.41421
227100 0.113525 4.36632
227200 0.113575 4.35327
227300 0.113625 4.37817
227400 0.113675 4.49023
227500 0.113725 4.44976
227600 0.113775 4.43749
227700 0.113825 4.4694
227800 0.113875 4.44676
227900 0.113925 4.42437
228000 0.113975 4.33467
228100 0.114025 4.42086
228200 0.114075 4.40015
228300 0.114125 4.43724
228400 0.114175 4.4524
228500 0.114225 4.51464
228600 0.114275 4.5012
228700 0.114325 4.47368
228800 0.114375 4.45796
228900 0.114425 4.44038
229000 0.114475 4.40043
229100 0.114525 4.46596
229200 0.114575 4.48875
229300 0.114625 4.45481
229400 0.114675 4.48729
229500 0.114725 4.50371
229600 0.114775 4.45139
229700 0.114825 4.45555
229800 0.114875 4.45672
229900 0.114925 4.47903
230000 0.114975 4.42478
230100 0.115025 4.49675
230200 0.115075 4.52779
230300 0.115125 4.5202
230400 0.115175 4.51143
230500 0.115225 4.51446
230600 0.115275 4.46829
230700 0.115325 4.38017
230800 0.115375 4.3879
230900 0.115425 4.46825
231000 0.115475 4.54659
231100 0.115525 4.47311
231200 0.115575 4.54558
231300 0.115625 4.57884
231400 0.115675 4.50804
231500 0.115725 4.45596
231600 0.115775 4.43309
231700 0.115825 4.42098
231800 0.115875 4.39273
231900 0.115925 4.42668
232000 0.115975 4.56461
232100 0.116025 4.5235
232200 0.116075 4.51306
232300 0.116125 4.49963
232400 0.116175 4.53059
232500 0.116225 4.51291
232600 0.116275 4.48577
232700 0.116325 4.4901
232800 0.116375 4.42639
232900 0.116425 4.50655
233000 0.116475 4.51417
233100 0.116525 4.57824
233200 0.116575 4.52176
233300 0.116625 4.5141
233400 0.116675 4.50425
233500 0.116725 4.4604
233600 0.116775 4.48315
233700 0.116825 4.44895
233800 0.116875 4.58385
233900 0.116925 4.55265
234000 0.116975 4.56565
234100 0.117025 4.56861
234200 0.117075 4.51924
234300 0.117125 4.52871
234400 0.117175 4.43353
234500 0.117225 4.55174
234600 0.117275 4.51786
234700 0.117325 4.55025
234800 0.117375 4.4939
234900 0.117425 4.6274
235000 0.117475 4.54598
235100 0.117525 4.55312
235200 0.117575 4.58781
235300 0.117625 4.49924
235400 0.117675 4.51514
235500 0.117725 4.50763
235600 0.117775 4.52769
235700 0.117825 4.57425
235800 0.117875 4.60234
235900 0.117925 4.65947
236000 0.117975 4.61447
236100 0.118025 4.58099
236200 0.118075 4.53843
236300 0.118125 4.52999
236400 0.118175 4.53906
236500 0.118225 4.57314
236600 0.118275 4.64
236700 0.118325 4.5879
236800 0.118375 4.64448
236900 0.118425 4.56667
237000 0.118475 4.63539
237100 0.118525 4.59073
237200 0.118575 4.57696
237300 0.118625 4.57998
237400 0.118675 4.62847
237500 0.118725 4.61623
237600 0.118775 4.53138
237700 0.118825 4.5954
237800 0.118875 4.60145
237900 0.118925 4.61377
238000 0.118975 4.5757
238100 0.119025 4.61981
238200 0.119075 4.61162
238300 0.119125 4.55209
238400 0.119175 4.5628
238500 0.119225 4.56979
238600 0.119275 4.55877
238700 0.119325 4.57911
238800 0.119375 4.69906
238900 0.119425 4.65647
239000 0.119475 4.6308
239100 0.119525 4.65516
239200 0.119575 4.62031
239300 0.119625 4.57637
239400 0.119675 4.55511
239500 0.119725 4.59893
239600 0.119775 4.62903
239700 0.119825 4.64242
239800 0.119875 4.67587
239900 0.119925 4.71424
240000 0.119975 4.66874
240100 0.120025 4.67749
240200 0.120075 4.62801
240300 0.120125 4.63912
240400 0.120175 4.6356
240500 0.120225 4.70173
240600 0.120275 4.71938
240700 0.120325 4.70817
240800 0.120375 4.74609
240900 0.120425 4.72682
241000 0.120475 4.65068
241100 0.120525 4.62653
241200 0.120575 4.55162
241300 0.120625 4.56509
241400 0.120675 4.64846
241500 0.120725 4.70337
241600 0.120775 4.75469
241700 0.120825 4.71159
241800 0.120875 4.71215
241900 0.120925 4.71313
242000 0.120975 4.68163
242100 0.121025 4.61796
242200 0.121075 4.61549
242300 0.121125 4.73056
242400 0.121175 4.75482
242500 0.121225 4.77938
242600 0.121275 4.7553
242700 0.121325 4.72862
242800 0.121375 4.6362
242900 0.121425 4.63518
243000 0.121475 4.67482
243100 0.121525 4.65231
243200 0.121575 4.776
243300 0.121625 4.7886
243400 0.121675 4.7724
243500 0.121725 4.69603
243600 0.121775 4.70692
243700 0.121825 4.70684
243800 0.121875 4.6343
243900 0.121925 4.66281
244000 0.121975 4.6811
244100 0.122025 4.69734
244200 0.122075 4.69689
244300 0.122125 4.72466
244400 0.122175 4.87812
244500 0.122225 4.79885
244600 0.122275 4.78901
244700 0.122325 4.78989
244800 0.122375 4.72579
244900 0.122425 4.73586
245000 0.122475 4.71491
245100 0.122525 4.73172
245200 0.122575 4.69987
245300 0.122625 4.7739
245400 0.122675 4.87348
245500 0.122725 4.79643
245600 0.122775 4.79029
245700 0.122825 4.82549
245800 0.122875 4.80643
245900 0.122925 4.6857
246000 0.122975 4.72303
246100 0.123025 4.72575
246200 0.123075 4.77481
246300 0.123125 4.8166
246400 0.123175 4.87986
246500 0.123225 4.80589
246600 0.123275 4.80516
246700 0.123325 4.81533
246800 0.123375 4.74127
246900 0.123425 4.71933
247000 0.123475 4.71438
247100 0.123525 4.75144
247200 0.123575 4.77507
247300 0.123625 4.84517
247400 0.123675 4.89596
247500 0.123725 4.79025
247600 0.123775 4.6982
247700 0.123825 4.72331
247800 0.123875 4.72367
247900 0.123925 4.77678
248000 0.123975 4.84165
248100 0.124025 4.89941
248200 0.124075 4.94623
248300 0.124125 4.89394
248400 0.124175 4.8376
248500 0.124225 4.74965
248600 0.124275 4.72286
248700 0.124325 4.72439
248800 0.124375 4.77996
248900 0.124425 4.74799
249000 0.124475 4.80604
249100 0.124525 4.9597
249200 0.124575 4.88506
249300 0.124625 4.79847
249400 0.124675 4.80275
249500 0.124725 4.70673
249600 0.124775 4.7157
249700 0.124825 4.73858
249800 0.124875 4.78395
249900 0.124925 4.80275
250000 0.124975 4.83048
250100 0.125025 4.8738
250200 0.125075 4.84505
250300 0.125125 4.80502
250400 0.125175 4.82731
250500 0.125225 4.77814
250600 0.125275 4.78306
250700 0.125325 4.8291
250800 0.125375 4.86377
250900 0.125425 4.89572
251000 0.125475 4.91298
251100 0.125525 4.91949
251200 0.125575 4.89532
251300 0.125625 4.86128
251400 0.125675 4.8107
251500 0.125725 4.80013
251600 0.125775 4.79994
251700 0.125825 4.83223
251800 0.125875 4.86173
251900 0.125925 4.8596
252000 0.125975 4.93615
252100 0.126025 4.88243
252200 0.126075 4.86102
252300 0.126125 4.84332
252400 0.126175 4.89206
252500 0.126225 4.82716
252600 0.126275 4.84664
252700 0.126325 4.88901
252800 0.126375 4.88644
252900 0.126425 4.87904
253000 0.126475 4.79906
253100 0.126525 4.88889
253200 0.126575 4.81963
253300 0.126625 4.83033
253400 0.126675 4.78972
253500 0.126725 4.87587
253600 0.126775 4.88095
253700 0.126825 4.89007
253800 0.126875 4.96582
253900 0.126925 4.9702
254000 0.126975 4.95501
254100 0.127025 4.89709
254200 0.127075 4.89022
254300 0.127125 4.84512
254400 0.127175 4.84519
254500 0.127225 4.83441
254600 0.127275 4.90749
254700 0.127325 4.9757
254800 0.127375 5.02634
254900 0.127425 4.95363
255000 0.127475 4.89667
255100 0.127525 4.86089
255200 0.127575 4.82334
255300 0.127625 4.85947
255400 0.127675 4.88255
255500 0.127725 4.9528
255600 0.127775 4.84717
255700 0.127825 4.91757
255800 0.127875 4.96939
255900 0.127925 4.97591
256000 0.127975 4.9869
256100 0.128025 4.92891
256200 0.128075 4.90712
256300 0.128125 4.9186
256400 0.128175 4.86434
256500 0.128225 4.84335
256600 0.128275 4.94557
256700 0.128325 4.99002
256800 0.128375 4.96311
256900 0.128425 4.95214
257000 0.128475 4.91256
257100 0.128525 4.86334
257200 0.128575 4.90846
257300 0.128625 4.89652
257400 0.128675 4.93162
257500 0.128725 4.90062
257600 0.128775 4.95987
257700 0.128825 4.98375
257800 0.128875 4.99866
257900 0.128925 5.0025
258000 0.128975 4.97599
258100 0.129025 4.93418
258200 0.129075 4.91643
258300 0.129125 4.92739
258400 0.129175 4.88881
258500 0.129225 4.9494
258600 0.129275 4.8668
258700 0.129325 4.9585
258800 0.129375 4.97748
258900 0.129425 4.99624
259000 0.129475 4.95618
259100 0.129525 4.92292
259200 0.129575 4.87969
259300 0.129625 4.86397
259400 0.129675 4.89991
259500 0.129725 4.9273
259600 0.129775 5.02793
259700 0.129825 5.07579
259800 0.129875 5.0567
259900 0.129925 5.00648
260000 0.129975 4.91869
260100 0.130025 4.90123
260200 0.130075 4.83283
260300 0.130125 4.90178
260400 0.130175 4.97529
260500 0.130225 4.98867
260600 0.130275 5.0521
260700 0.130325 4.98102
260800 0.130375 4.96541
260900 0.130425 4.98121
261000 0.130475 4.91989
261100 0.130525 4.85875
261200 0.130575 4.90641
261300 0.130625 4.91627
261400 0.130675 5.01059
261500 0.130725 5.05524
261600 0.130775 5.03511
261700 0.130825 5.08147
261800 0.130875 5.06358
261900 0.130925 4.96938
262000 0.130975 4.94871
262100 0.131025 4.9555
262200 0.131075 4.91204
262300 0.131125 4.90626
262400 0.131175 4.97161
262500 0.131225 5.02986
262600 0.131275 5.04558
262700 0.131325 5.11337
262800 0.131375 4.96725
262900 0.131425 4.92698
263000 0.131475 4.90042
263100 0.131525 4.943
263200 0.131575 4.9185
263300 0.131625 4.96364
263400 0.131675 5.05611
263500 0.131725 5.10893
263600 0.131775 5.0803
263700 0.131825 5.06233
263800 0.131875 4.99301
263900 0.131925 4.94767
264000 0.131975 4.88946
264100 0.132025 4.89907
264200 0.132075 4.89253
264300 0.132125 4.9769
264400 0.132175 5.05176
264500 0.132225 5.06104
264600 0.132275 5.04833
264700 0.132325 4.98883
264800 0.132375 5.03809
264900 0.132425 4.933
265000 0.132475 4.9079
265100 0.132525 5.00195
265200 0.132575 5.01889
265300 0.132625 5.05537
265400 0.132675 4.956
265500 0.132725 5.03492
265600 0.132775 5.07271
265700 0.132825 5.10846
265800 0.132875 5.11763
265900 0.132925 5.00495
266000 0.132975 5.01559
266100 0.133025 4.99122
266200 0.133075 5.00816
266300 0.133125 5.04098
266400 0.133175 5.06022
266500 0.133225 5.11126
266600 0.133275 5.00328
266700 0.133325 4.95675
266800 0.133375 4.90884
266900 0.133425 4.89741
267000 0.133475 4.96161
267100 0.133525 4.94037
267200 0.133575 5.02558
267300 0.133625 5.00574
267400 0.133675 5.00588
267500 0.133725 5.06321
267600 0.133775 5.12212
267700 0.133825 5.05828
267800 0.133875 5.01764
267900 0.133925 5.05358
268000 0.133975 5.00902
268100 0.134025 4.96531
268200 0.134075 5.02914
268300 0.134125 5.04132
268400 0.134175 5.10116
268500 0.134225 5.04876
268600 0.134275 5.06441
268700 0.134325 5.04172
268800 0.134375 5.01098
268900 0.134425 4.9629
269000 0.134475 5.02982
269100 0.134525 5.02106
269200 0.134575 5.06124
269300 0.134625 5.06871
269400 0.134675 5.09468
269500 0.134725 5.0731
269600 0.134775 5.01397
269700 0.134825 5.03307
269800 0.134875 4.99783
269900 0.134925 4.96633
270000 0.134975 5.00968
270100 0.135025 4.99284
270200 0.135075 5.04942
270300 0.135125 5.09316
270400 0.135175 5.08907
270500 0.135225 5.07652
270600 0.135275 5.0937
270700 0.135325 5.09984
270800 0.135375 5.0193
270900 0.135425 4.99912
271000 0.135475 5.02916
271100 0.135525 5.06922
271200 0.135575 5.04183
271300 0.135625 5.09219
271400 0.135675 5.15473
271500 0.135725 5.06098
271600 0.135775 5.08637
271700 0.135825 5.0253
271800 0.135875 5.05447
271900 0.135925 5.12476
272000 0.135975 5.13923
272100 0.136025 5.09779
272200 0.136075 5.12632
272300 0.136125 5.19874
272400 0.136175 5.15531
272500 0.136225 5.13649
272600 0.136275 4.97027
272700 0.136325 4.98552
272800 0.136375 5.0231
272900 0.136425 5.05275
273000 0.136475 5.09028
273100 0.136525 5.12672
273200 0.136575 5.2134
273300 0.136625 5.15937
273400 0.136675 5.13498
273500 0.136725 5.13562
273600 0.136775 5.1124
273700 0.136825 5.04874
273800 0.136875 5.10871
273900 0.136925 5.14752
274000 0.136975 5.16976
274100 0.137025 5.23541
274200 0.137075 5.24223
274300 0.137125 5.30877
274400 0.137175 5.13459
274500 0.137225 5.13509
274600 0.137275 5.09847
274700 0.137325 5.09821
274800 0.137375 5.14291
274900 0.137425 5.0872
275000 0.137475 5.18907
275100 0.137525 5.18202
275200 0.137575 5.19787
275300 0.137625 5.24383
275400 0.137675 5.23066
275500 0.137725 5.18767
275600 0.137775 5.10123
275700 0.137825 5.11898
275800 0.137875 5.14866
275900 0.137925 5.16453
276000 0.137975 5.14724
276100 0.138025 5.09701
276200 0.138075 5.13711
276300 0.138125 5.14502
276400 0.138175 5.14331
276500 0.138225 5.1637
276600 0.138275 5.1674
276700 0.138325 5.11245
276800 0.138375 5.09747
276900 0.138425 5.15726
277000 0.138475 5.25408
277100 0.138525 5.26044
277200 0.138575 5.23165
277300 0.138625 5.20699
277400 0.138675 5.21273
277500 0.138725 5.10713
277600 0.138775 5.13624
277700 0.138825 5.21427
277800 0.138875 5.19301
277900 0.138925 5.25771
278000 0.138975 5.25329
278100 0.139025 5.20684
278200 0.139075 5.19056
278300 0.139125 5.1208
278400 0.139175 5.1828
278500 0.139225 5.14658
278600 0.139275 5.25873
278700 0.139325 5.22223
278800 0.139375 5.2261
278900 0.139425 5.26036
279000 0.139475 5.25089
279100 0.139525 5.20711
279200 0.139575 5.19764
279300 0.139625 5.10699
279400 0.139675 5.15523
279500 0.139725 5.21327
279600 0.139775 5.26309
279700 0.139825 5.33384
279800 0.139875 5.35157
279900 0.139925 5.3269
280000 0.139975 5.31961
280100 0.140025 5.17231
280200 0.140075 5.20797
280300 0.140125 5.18773
280400 0.140175 5.19947
280500 0.140225 5.2529
280600 0.140275 5.28887
280700 0.140325 5.32556
280800 0.140375 5.24141
280900 0.140425 5.26879
281000 0.140475 5.26618
281100 0.140525 5.25411
281200 0.140575 5.16525
281300 0.140625 5.19951
281400 0.140675 5.17669
281500 0.140725 5.28596
281600 0.140775 5.34874
281700 0.140825 5.29505
281800 0.140875 5.26171
281900 0.140925 5.2321
282000 0.140975 5.23574
282100 0.141025 5.13524
282200 0.141075 5.13431
282300 0.141125 5.27557
282400 0.141175 5.31271
282500 0.141225 5.31938
282600 0.141275 5.26569
282700 0.141325 5.24067
282800 0.141375 5.21682
282900 0.141425 5.18584
283000 0.141475 5.29549
283100 0.141525 5.23285
283200 0.141575 5.2864
283300 0.141625 5.29747
283400 0.141675 5.29955
283500 0.141725 5.18529
283600 0.141775 5.21871
283700 0.141825 5.21175
283800 0.141875 5.19634
283900 0.141925 5.28741
284000 0.141975 5.29004
284100 0.142025 5.23475
284200 0.142075 5.24602
284300 0.142125 5.22485
284400 0.142175 5.21537
284500 0.142225 5.24287
284600 0.142275 5.25513
284700 0.142325 5.31263
284800 0.142375 5.26934
284900 0.142425 5.29241
285000 0.142475 5.24099
285100 0.142525 5.26339
285200 0.142575 5.24792
285300 0.142625 5.15839
285400 0.142675 5.21921
285500 0.142725 5.28427
285600 0.142775 5.34752
285700 0.142825 5.28659
285800 0.142875 5.38872
285900 0.142925 5.40411
286000 0.142975 5.33424
286100 0.143025 5.33807
286200 0.143075 5.30543
286300 0.143125 5.28055
286400 0.143175 5.22495
286500 0.143225 5.28063
286600 0.143275 5.3134
286700 0.143325 5.34262
286800 0.143375 5.39851
286900 0.143425 5.33475
287000 0.143475 5.26567
287100 0.143525 5.30109
287200 0.143575 5.29443
287300 0.143625 5.23606
287400 0.143675 5.28463
287500 0.143725 5.36528
287600 0.143775 5.35914
287700 0.143825 5.41124
287800 0.143875 5.3625
287900 0.143925 5.38376
288000 0.143975 5.34626
288100 0.144025 5.25007
288200 0.144075 5.22404
288300 0.144125 5.22856
288400 0.144175 5.32409
288500 0.144225 5.34173
288600 0.144275 5.46477
288700 0.144325 5.41039
288800 0.144375 5.39453
288900 0.144425 5.31324
289000 0.144475 5.30948
289100 0.144525 5.32264
289200 0.144575 5.29882
289300 0.144625 5.31434
289400 0.144675 5.38221
289500 0.144725 5.38963
289600 0.144775 5.39837
289700 0.144825 5.41725
289800 0.144875 5.38973
289900 0.144925 5.35675
290000 0.144975 5.30438
290100 0.145025 5.27282
290200 0.145075 5.27213
290300 0.145125 5.37407
290400 0.145175 5.40923
290500 0.145225 5.46437
290600 0.145275 5.3948
290700 0.145325 5.43302
290800 0.145375 5.32764
290900 0.145425 5.31171
291000 0.145475 5.36619
291100 0.145525 5.36067
291200 0.145575 5.394
291300 0.145625 5.43817
291400 0.145675 5.45264
291500 0.145725 5.49266
291600 0.145775 5.45823
291700 0.145825 5.43
291800 0.145875 5.35834
291900 0.145925 5.35774
292000 0.145975 5.35158
292100 0.146025 5.43939
292200 0.146075 5.5012
292300 0.146125 5.41525
292400 0.146175 5.36159
292500 0.146225 5.36098
292600 0.146275 5.31827
292700 0.146325 5.44758
292800 0.146375 5.47533
292900 0.146425 5.53036
293000 0.146475 5.424
293100 0.146525 5.41334
293200 0.146575 5.36564
293300 0.146625 5.37176
293400 0.146675 5.29441
293500 0.146725 5.3841
293600 0.146775 5.50061
293700 0.146825 5.45689
293800 0.146875 5.47965
293900 0.146925 5.53721
294000 0.146975 5.4109
294100 0.147025 5.37142
294200 0.147075 5.35401
294300 0.147125 5.35386
294400 0.147175 5.38168
294500 0.147225 5.40325
294600 0.147275 5.41828
294700 0.147325 5.42478
294800 0.147375 5.45652
294900 0.147425 5.42495
295000 0.147475 5.412
295100 0.147525 5.42424
295200 0.147575 5.39295
295300 0.147625 5.52403
295400 0.147675 5.44781
295500 0.147725 5.49465
295600 0.147775 5.50601
295700 0.147825 5.40181
295800 0.147875 5.50778
295900 0.147925 5.47757
296000 0.147975 5.47577
296100 0.148025 5.45101
296200 0.148075 5.37889
296300 0.148125 5.38847
296400 0.148175 5.46648
296500 0.148225 5.45478
296600 0.148275 5.47078
296700 0.148325 5.52058
296800 0.148375 5.4597
296900 0.148425 5.45696
297000 0.148475 5.45478
297100 0.148525 5.51677
297200 0.148575 5.51346
297300 0.148625 5.43251
297400 0.148675 5.47858
297500 0.148725 5.50172
297600 0.148775 5.45606
297700 0.148825 5.45768
297800 0.148875 5.49175
297900 0.148925 5.49146
298000 0.148975 5.52055
298100 0.149025 5.4993
298200 0.149075 5.55583
298300 0.149125 5.57443
298400 0.149175 5.53684
298500 0.149225 5.42196
298600 0.149275 5.41284
298700 0.149325 5.44914
298800 0.149375 5.5183
298900 0.149425 5.49114
299000 0.149475 5.46203
299100 0.149525 5.48763
299200 0.149575 5.48604
299300 0.149625 5.54413
299400 0.149675 5.45309
299500 0.149725 5.53509
299600 0.149775 5.54274
299700 0.149825 5.54108
299800 0.149875 5.55517
299900 0.149925 5.47195
300000 0.149975 5.46514
300100 0.150025 5.46397
300200 0.150075 5.45165
300300 0.150125 5.43891
300400 0.150175 5.47211
300500 0.150225 5.49992
300600 0.150275 5.51384
300700 0.150325 5.52627
300800 0.150375 5.50652
300900 0.150425 5.50923
301000 0.150475 5.41891
301100 0.150525 5.46607
301200 0.150575 5.43574
301300 0.150625 5.49566
301400 0.150675 5.50453
301500 0.150725 5.49782
301600 0.150775 5.5029
301700 0.150825 5.55171
301800 0.150875 5.48223
301900 0.150925 5.51717
302000 0.150975 5.51055
302100 0.151025 5.56054
302200 0.151075 5.58006
302300 0.151125 5.57774
302400 0.151175 5.5458
302500 0.151225 5.45304
302600 0.151275 5.46575
302700 0.151325 5.60667
302800 0.151375 5.60425
302900 0.151425 5.62492
303000 0.151475 5.5833
303100 0.151525 5.62472
303200 0.151575 5.5511
303300 0.151625 5.55111
303400 0.151675 5.55851
303500 0.151725 5.56382
303600 0.151775 5.5136
303700 0.151825 5.53094
303800 0.151875 5.55673
303900 0.151925 5.58032
304000 0.151975 5.58908
304100 0.152025 5.66631
304200 0.152075 5.67916
304300 0.152125 5.62184
304400 0.152175 5.53163
304500 0.152225 5.54759
304600 0.152275 5.56613
304700 0.152325 5.57112
304800 0.152375 5.59215
304900 0.152425 5.54172
305000 0.152475 5.5225
305100 0.152525 5.54421
305200 0.152575 5.53236
305300 0.152625 5.63948
305400 0.152675 5.63844
305500 0.152725 5.60937
305600 0.152775 5.57238
305700 0.152825 5.55789
305800 0.152875 5.56628
305900 0.152925 5.53387
306000 0.152975 5.61637
306100 0.153025 5.72548
306200 0.153075 5.72004
306300 0.153125 5.66622
306400 0.153175 5.57388
306500 0.153225 5.59764
306600 0.153275 5.54294
306700 0.153325 5.61196
306800 0.153375 5.55143
306900 0.153425 5.66237
307000 0.153475 5.69256
307100 0.153525 5.57374
307200 0.153575 5.60865
307300 0.153625 5.67211
307400 0.153675 5.66457
307500 0.153725 5.64687
307600 0.153775 5.62644
307700 0.153825 5.67037
307800 0.153875 5.71637
307900 0.153925 5.66287
308000 0.153975 5.64565
308100 0.154025 5.70054
308200 0.154075 5.717
308300 0.154125 5.6279
308400 0.154175 5.58407
308500 0.154225 5.5678
308600 0.154275 5.59989
308700 0.154325 5.60829
308800 0.154375 5.72444
308900 0.154425 5.71868
309000 0.154475 5.73792
309100 0.154525 5.75279
309200 0.154575 5.67288
309300 0.154625 5.66256
309400 0.154675 5.58183
309500 0.154725 5.59344
309600 0.154775 5.62028
309700 0.154825 5.68415
309800 0.154875 5.68636
309900 0.154925 5.75031
310000 0.154975 5.73293
310100 0.155025 5.65775
310200 0.155075 5.62041
310300 0.155125 5.62944
310400 0.155175 5.62997
310500 0.155225 5.64371
310600 0.155275 5.65121
310700 0.155325 5.75012
310800 0.155375 5.72881
310900 0.155425 5.65509
311000 0.155475 5.67691
311100 0.155525 5.71918
311200 0.155575 5.64186
311300 0.155625 5.61327
311400 0.155675 5.66467
311500 0.155725 5.63385
311600 0.155775 5.65816
311700 0.155825 5.78067
311800 0.155875 5.75385
311900 0.155925 5.71463
312000 0.155975 5.71766
312100 0.156025 5.75777
312200 0.156075 5.67733
312300 0.156125 5.60096
312400 0.156175 5.65592
312500 0.156225 5.61575
312600 0.156275 5.62924
312700 0.156325 5.65945
312800 0.156375 5.72369
312900 0.156425 5.66401
313000 0.156475 5.73125
313100 0.156525 5.61698
313200 0.156575 5.6126
313300 0.156625 5.56143
313400 0.156675 5.54565
313500 0.156725 5.60906
313600 0.156775 5.69564
313700 0.156825 5.76392
313800 0.156875 5.74795
313900 0.156925 5.73501
314000 0.156975 5.72425
314100 0.157025 5.65959
314200 0.157075 5.63588
314300 0.157125 5.6394
314400 0.157175 5.69758
314500 0.157225 5.68153
314600 0.157275 5.73567
314700 0.157325 5.74999
314800 0.157375 5.74925
314900 0.157425 5.67601
315000 0.157475 5.69966
315100 0.157525 5.65595
315200 0.157575 5.56837
315300 0.157625 5.60099
315400 0.157675 5.68155
315500 0.157725 5.67501
315600 0.157775 5.66539
315700 0.157825 5.73266
315800 0.157875 5.73349
315900 0.157925 5.74161
316000 0.157975 5.65089
316100 0.158025 5.64203
316200 0.158075 5.67087
316300 0.158125 5.7037
316400 0.158175 5.7227
316500 0.158225 5.71903
316600 0.158275 5.77262
316700 0.158325 5.82842
316800 0.158375 5.74401
316900 0.158425 5.74555
317000 0.158475 5.68964
317100 0.158525 5.67091
317200 0.158575 5.66404
317300 0.158625 5.7289
317400 0.158675 5.78266
317500 0.158725 5.80554
317600 0.158775 5.79226
317700 0.158825 5.75182
317800 0.158875 5.74653
317900 0.158925 5.69171
318000 0.158975 5.71508
318100 0.159025 5.69262
318200 0.159075 5.82299
318300 0.159125 5.85179
318400 0.159175 5.75606
318500 0.159225 5.83305
318600 0.159275 5.84078
318700 0.159325 5.76383
318800 0.159375 5.7216
318900 0.159425 5.7193
319000 0.159475 5.73334
319100 0.159525 5.77098
319200 0.159575 5.80328
319300 0.159625 5.77167
319400 0.159675 5.82558
319500 0.159725 5.83807
319600 0.159775 5.82162
319700 0.159825 5.73477
319800 0.159875 5.78648
319900 0.159925 5.74572
320000 0.159975 5.81456
320100 0.160025 5.7436
320200 0.160075 5.77102
320300 0.160125 5.68826
320400 0.160175 5.79707
320500 0.160225 5.84572
320600 0.160275 5.81755
320700 0.160325 5.78292
320800 0.160375 5.8213
320900 0.160425 5.82536
321000 0.160475 5.76747
321100 0.160525 5.72103
321200 0.160575 5.79386
321300 0.160625 5.78681
321400 0.160675 5.82048
321500 0.160725 5.77094
321600 0.160775 5.80548
321700 0.160825 5.86632
321800 0.160875 5.78661
321900 0.160925 5.81258
322000 0.160975 5.79257
322100 0.161025 5.79374
322200 0.161075 5.82641
322300 0.161125 5.89343
322400 0.161175 5.88036
322500 0.161225 5.86806
322600 0.161275 5.90984
322700 0.161325 5.82485
322800 0.161375 5.75145
322900 0.161425 5.7874
323000 0.161475 5.86361
323100 0.161525 5.89707
323200 0.161575 5.92067
323300 0.161625 5.94131
323400 0.161675 5.93031
323500 0.161725 5.92426
323600 0.161775 5.78211
323700 0.161825 5.7444
323800 0.161875 5.71541
323900 0.161925 5.79668
324000 0.161975 5.89664
324100 0.162025 5.92053
324200 0.162075 5.98021
324300 0.162125 5.98787
324400 0.162175 5.87328
324500 0.162225 5.81693
324600 0.162275 5.79179
324700 0.162325 5.7689
324800 0.162375 5.7231
324900 0.162425 5.75873
325000 0.162475 5.90526
325100 0.162525 5.92354
325200 0.162575 5.89138
325300 0.162625 5.92098
325400 0.162675 5.89725
325500 0.162725 5.79664
325600 0.162775 5.81413
325700 0.162825 5.89094
325800 0.162875 5.87903
325900 0.162925 5.93087
326000 0.162975 5.8886
326100 0.163025 5.94151
326200 0.163075 5.89253
326300 0.163125 5.92119
326400 0.163175 5.93064
326500 0.163225 5.95775
326600 0.163275 5.92834
326700 0.163325 5.86631
326800 0.163375 5.91029
326900 0.163425 5.98189
327000 0.163475 5.94863
327100 0.163525 5.87273
327200 0.163575 5.88479
327300 0.163625 5.9764
327400 0.163675 5.90336
327500 0.163725 5.91976
327600 0.163775 5.8696
327700 0.163825 5.92358
327800 0.163875 5.84111
327900 0.163925 5.9333
328000 0.163975 5.94346
328100 0.164025 5.96139
328200 0.164075 5.95546
328300 0.164125 5.89215
328400 0.164175 5.9078
328500 0.164225 5.87853
328600 0.164275 5.86192
328700 0.164325 5.88072
328800 0.164375 5.92351
328900 0.164425 5.9508
329000 0.164475 5.9507
329100 0.164525 6.00184
329200 0.164575 5.91039
329300 0.164625 5.8805
329400 0.164675 5.94862
329500 0.164725 5.97294
329600 0.164775 5.92745
329700 0.164825 5.91615
329800 0.164875 5.95958
329900 0.164925 5.84006
330000 0.164975 5.87861
330100 0.165025 5.94162
330200 0.165075 5.963
330300 0.165125 5.92692
330400 0.165175 5.95602
330500 0.165225 6.01121
330600 0.165275 6.00653
330700 0.165325 5.90491
330800 0.165375 5.96215
330900 0.165425 5.92157
331000 0.165475 5.89646
331100 0.165525 5.99527
331200 0.165575 5.99129
331300 0.165625 5.96234
331400 0.165675 5.9252
331500 0.165725 5.96689
331600 0.165775 5.92327
331700 0.165825 5.83672
331800 0.165875 5.89572
331900 0.165925 5.97629
332000 0.165975 5.9306
332100 0.166025 5.95221
332200 0.166075 6.01902
332300 0.166125 6.0274
332400 0.166175 6.0233
332500 0.166225 5.96048
332600 0.166275 5.94938
332700 0.166325 5.9537
332800 0.166375 5.84123
332900 0.166425 5.93135
333000 0.166475 5.86488
333100 0.166525 5.8844
333200 0.166575 6.01282
333300 0.166625 6.02531
333400 0.166675 5.98549
333500 0.166725 5.99163
333600 0.166775 5.9704
333700 0.166825 5.88209
333800 0.166875 6.02376
333900 0.166925 5.9451
334000 0.166975 5.94472
334100 0.167025 5.97415
334200 0.167075 6.04421
334300 0.167125 6.01555
334400 0.167175 5.933
334500 0.167225 5.97203
334600 0.167275 5.96813
334700 0.167325 5.97089
334800 0.167375 5.91196
334900 0.167425 5.94127
335000 0.167475 5.95746
335100 0.167525 6.0159
335200 0.167575 6.01849
335300 0.167625 5.97318
335400 0.167675 5.93007
335500 0.167725 5.94912
335600 0.167775 6.00907
335700 0.167825 5.9593
335800 0.167875 5.99459
335900 0.167925 5.99551
336000 0.167975 5.95991
336100 0.168025 5.97375
336200 0.168075 5.98204
336300 0.168125 5.96625
336400 0.168175 6.02674
336500 0.168225 5.91422
336600 0.168275 6.01492
336700 0.168325 5.96535
336800 0.168375 5.95868
336900 0.168425 5.97012
337000 0.168475 6.00018
337100 0.168525 6.01997
337200 0.168575 5.99686
337300 0.168625 5.96745
337400 0.168675 6.00051
337500 0.168725 5.89377
337600 0.168775 5.85058
337700 0.168825 5.88858
337800 0.168875 5.9387
337900 0.168925 5.93619
338000 0.168975 6.02108
338100 0.169025 6.08633
338200 0.169075 6.1464
338300 0.169125 6.00878
338400 0.169175 5.97753
338500 0.169225 5.94183
338600 0.169275 5.9684
338700 0.169325 5.88654
338800 0.169375 5.97729
338900 0.169425 6.00313
339000 0.169475 5.97075
339100 0.169525 6.00771
339200 0.169575 6.05721
339300 0.169625 6.02349
339400 0.169675 5.93851
339500 0.169725 5.89882
339600 0.169775 5.8836
339700 0.169825 5.92558
339800 0.169875 5.98042
339900 0.169925 6.0175
340000 0.169975 5.98538
340100 0.170025 6.05117
340200 0.170075 5.96489
340300 0.170125 5.98072
340400 0.170175 5.88621
340500 0.170225 5.86223
340600 0.170275 5.96992
340700 0.170325 5.96543
340800 0.170375 6.03749
340900 0.170425 6.12445
341000 0.170475 6.01886
341100 0.170525 5.99855
341200 0.170575 5.95592
341300 0.170625 5.97574
341400 0.170675 5.89747
341500 0.170725 6.01088
341600 0.170775 5.96281
341700 0.170825 5.9111
341800 0.170875 5.99734
341900 0.170925 6.09476
342000 0.170975 5.98278
342100 0.171025 5.97998
342200 0.171075 6.00387
342300 0.171125 6.00173
342400 0.171175 5.97991
342500 0.171225 6.05271
342600 0.171275 6.04183
342700 0.171325 6.11619
342800 0.171375 6.09546
342900 0.171425 6.10549
343000 0.171475 6.13599
343100 0.171525 6.03198
343200 0.171575 6.00808
343300 0.171625 5.9169
343400 0.171675 5.92693
343500 0.171725 5.98902
343600 0.171775 6.00406
343700 0.171825 6.07346
343800 0.171875 6.06265
343900 0.171925 6.03958
344000 0.171975 5.98874
344100 0.172025 6.02809
344200 0.172075 6.03145
344300 0.172125 5.97592
344400 0.172175 5.91136
344500 0.172225 5.97682
344600 0.172275 5.99048
344700 0.172325 5.96367
344800 0.172375 6.00135
344900 0.172425 6.05513
345000 0.172475 6.06856
345100 0.172525 6.04308
345200 0.172575 5.92831
345300 0.172625 6.10642
345400 0.172675 6.00786
345500 0.172725 5.98629
345600 0.172775 5.96732
345700 0.172825 6.0403
345800 0.172875 6.06171
345900 0.172925 6.09176
346000 0.172975 6.07091
346100 0.173025 5.97244
346200 0.173075 6.0121
346300 0.173125 6.01753
346400 0.173175 5.97372
346500 0.173225 6.03816
346600 0.173275 6.01099
346700 0.173325 6.05602
346800 0.173375 6.06917
346900 0.173425 6.04817
347000 0.173475 6.08496
347100 0.173525 6.05493
347200 0.173575 6.04186
347300 0.173625 6.05363
347400 0.173675 6.00926
347500 0.173725 6.0707
347600 0.173775 6.14183
347700 0.173825 6.06201
347800 0.173875 6.05177
347900 0.173925 6.11484
348000 0.173975 6.03476
348100 0.174025 6.05395
348200 0.174075 6.01923
348300 0.174125 6.02503
348400 0.174175 6.09851
348500 0.174225 6.06353
348600 0.174275 6.15044
348700 0.174325 6.16465
348800 0.174375 6.17751
348900 0.174425 6.13188
349000 0.174475 6.10597
349100 0.174525 6.02419
349200 0.174575 5.95697
349300 0.174625 6.01937
349400 0.174675 6.0433
349500 0.174725 6.13694
349600 0.174775 6.13146
349700 0.174825 6.17823
349800 0.174875 6.12913
349900 0.174925 6.05362
350000 0.174975 6.07389
350100 0.175025 6.10194
350200 0.175075 6.06126
350300 0.175125 5.9933
350400 0.175175 6.00662
350500 0.175225 6.02586
350600 0.175275 6.04409
350700 0.175325 6.10243
350800 0.175375 6.12293
350900 0.175425 6.16602
351000 0.175475 6.12167
351100 0.175525 6.12267
351200 0.175575 6.09129
351300 0.175625 6.06058
351400 0.175675 6.07081
351500 0.175725 6.02224
351600 0.175775 6.03841
351700 0.175825 6.1185
351800 0.175875 6.04385
351900 0.175925 6.09072
352000 0.175975 6.08605
352100 0.176025 6.08212
352200 0.176075 6.13201
352300 0.176125 6.04142
352400 0.176175 6.0173
352500 0.176225 5.94819
352600 0.176275 5.93882
352700 0.176325 6.05485
352800 0.176375 6.04191
352900 0.176425 6.11451
353000 0.176475 6.154
353100 0.176525 6.06277
353200 0.176575 5.91386
353300 0.176625 5.98232
353400 0.176675 5.99327
353500 0.176725 6.02642
353600 0.176775 5.98796
353700 0.176825 6.08095
353800 0.176875 6.02673
353900 0.176925 5.97372
354000 0.176975 5.95994
354100 0.177025 5.96785
354200 0.177075 5.99262
354300 0.177125 5.99973
354400 0.177175 5.99203
354500 0.177225 6.0391
354600 0.177275 6.03756
354700 0.177325 6.08561
354800 0.177375 6.01413
354900 0.177425 6.02858
355000 0.177475 6.06333
355100 0.177525 6.06479
355200 0.177575 6.12935
355300 0.177625 6.06079
355400 0.177675 6.056
355500 0.177725 6.02605
355600 0.177775 6.06363
355700 0.177825 6.03326
355800 0.177875 6.00712
355900 0.177925 6.01922
356000 0.177975 6.05955
356100 0.178025 5.96693
356200 0.178075 6.05309
356300 0.178125 6.05729
356400 0.178175 5.97662
356500 0.178225 6.04038
356600 0.178275 6.03184
356700 0.178325 6.10663
356800 0.178375 6.04481
356900 0.178425 6.05223
357000 0.178475 6.09648
357100 0.178525 6.00838
357200 0.178575 6.01196
357300 0.178625 5.95926
357400 0.178675 6.02935
357500 0.178725 6.05214
357600 0.178775 6.08501
357700 0.178825 6.11235
357800 0.178875 6.05572
357900 0.178925 6.06374
358000 0.178975 6.03714
358100 0.179025 6.07209
358200 0.179075 6.02498
358300 0.179125 6.02695
358400 0.179175 6.10059
358500 0.179225 6.10017
358600 0.179275 6.0907
358700 0.179325 6.05273
358800 0.179375 6.09818
358900 0.179425 6.09213
359000 0.179475 6.11208
359100 0.179525 6.09136
359200 0.179575 6.02494
359300 0.179625 6.02754
359400 0.179675 6.12055
359500 0.179725 5.99582
359600 0.179775 5.98639
359700 0.179825 6.07146
359800 0.179875 6.1081
359900 0.179925 6.12544
360000 0.179975 6.06298
360100 0.180025 6.04352
360200 0.180075 6.02456
360300 0.180125 5.94182
360400 0.180175 5.99707
360500 0.180225 6.05194
360600 0.180275 6.06101
360700 0.180325 6.13899
360800 0.180375 6.0393
360900 0.180425 6.02824
361000 0.180475 6.22013
361100 0.180525 6.1596
361200 0.180575 6.07004
361300 0.180625 6.08296
361400 0.180675 5.98043
361500 0.180725 6.0579
361600 0.180775 6.121
361700 0.180825 6.12292
361800 0.180875 6.12505
361900 0.180925 6.12628
362000 0.180975 6.08486
362100 0.181025 6.15889
362200 0.181075 6.10788
362300 0.181125 6.10771
362400 0.181175 6.13037
362500 0.181225 6.12432
362600 0.181275 6.09428
362700 0.181325 5.9998
362800 0.181375 6.05303
362900 0.181425 6.02192
363000 0.181475 6.09216
363100 0.181525 6.08564
363200 0.181575 6.09399
363300 0.181625 6.1052
363400 0.181675 6.12116
363500 0.181725 6.07493
363600 0.181775 6.19401
363700 0.181825 6.11602
363800 0.181875 6.04135
363900 0.181925 6.08756
364000 0.181975 6.11537
364100 0.182025 6.09804
364200 0.182075 6.10887
364300 0.182125 6.2444
364400 0.182175 6.16753
364500 0.182225 6.09917
364600 0.182275 6.10183
364700 0.182325 6.11858
364800 0.182375 6.07724
364900 0.182425 6.09139
365000 0.182475 6.16997
365100 0.182525 6.14362
365200 0.182575 6.08742
365300 0.182625 6.04484
365400 0.182675 6.14835
365500 0.182725 6.15332
365600 0.182775 6.15045
365700 0.182825 6.2117
365800 0.182875 6.20018
365900 0.182925 6.19619
366000 0.182975 6.15417
366100 0.183025 6.16214
366200 0.183075 6.07478
366300 0.183125 6.0914
366400 0.183175 6.13703
366500 0.183225 6.1986
366600 0.183275 6.25909
366700 0.183325 6.12207
366800 0.183375 6.12568
366900 0.183425 6.05945
367000 0.183475 6.12436
367100 0.183525 6.20429
367200 0.183575 6.17282
367300 0.183625 6.19003
367400 0.183675 6.22089
367500 0.183725 6.18901
367600 0.183775 6.24172
367700 0.183825 6.21281
367800 0.183875 6.12682
367900 0.183925 6.02896
368000 0.183975 6.16797
368100 0.184025 6.20302
368200 0.184075 6.17252
368300 0.184125 6.20686
368400 0.184175 6.28737
368500 0.184225 6.18849
368600 0.184275 6.22918
368700 0.184325 6.25765
368800 0.184375 6.20938
368900 0.184425 6.1296
369000 0.184475 6.18932
369100 0.184525 6.18593
369200 0.184575 6.19988
369300 0.184625 6.1973
369400 0.184675 6.28226
369500 0.184725 6.20102
369600 0.184775 6.15854
369700 0.184825 6.24471
369800 0.184875 6.22904
369900 0.184925 6.18963
370000 0.184975 6.1873
370100 0.185025 6.27039
370200 0.185075 6.28152
370300 0.185125 6.22882
370400 0.185175 6.28005
370500 0.185225 6.23919
370600 0.185275 6.25163
370700 0.185325 6.22682
370800 0.185375 6.16576
370900 0.185425 6.27991
371000 0.185475 6.2516
371100 0.185525 6.29817
371200 0.185575 6.28805
371300 0.185625 6.24666
371400 0.185675 6.24441
371500 0.185725 6.24746
371600 0.185775 6.24345
371700 0.185825 6.28576
371800 0.185875 6.34899
371900 0.185925 6.21142
372000 0.185975 6.22553
372100 0.186025 6.24016
372200 0.186075 6.23362
372300 0.186125 6.21582
372400 0.186175 6.26854
372500 0.186225 6.23237
372600 0.186275 6.27164
372700 0.186325 6.24657
372800 0.186375 6.28081
372900 0.186425 6.29785
373000 0.186475 6.3092
373100 0.186525 6.30193
373200 0.186575 6.25641
373300 0.186625 6.23046
373400 0.186675 6.25512
373500 0.186725 6.2083
373600 0.186775 6.28152
373700 0.186825 6.28978
373800 0.186875 6.36018
373900 0.186925 6.3133
374000 0.186975 6.30849
374100 0.187025 6.34131
374200 0.187075 6.332
374300 0.187125 6.2885
374400 0.187175 6.34962
374500 0.187225 6.30825
374600 0.187275 6.31853
374700 0.187325 6.26934
374800 0.187375 6.29032
374900 0.187425 6.2061
375000 0.187475 6.2946
375100 0.187525 6.27659
375200 0.187575 6.18825
375300 0.187625 6.32099
375400 0.187675 6.32029
375500 0.187725 6.31504
375600 0.187775 6.34435
375700 0.187825 6.29213
375800 0.187875 6.26014
375900 0.187925 6.28639
376000 0.187975 6.19983
376100 0.188025 6.25346
376200 0.188075 6.26162
376300 0.188125 6.35186
376400 0.188175 6.42806
376500 0.188225 6.24933
376600 0.188275 6.36925
376700 0.188325 6.27033
376800 0.188375 6.26457
376900 0.188425 6.2328
377000 0.188475 6.21771
377100 0.188525 6.27171
377200 0.188575 6.28038
377300 0.188625 6.34146
377400 0.188675 6.2724
377500 0.188725 6.30402
377600 0.188775 6.29555
377700 0.188825 6.31879
377800 0.188875 6.27605
377900 0.188925 6.27875
378000 0.188975 6.28292
378100 0.189025 6.28183
378200 0.189075 6.27088
378300 0.189125 6.29608
378400 0.189175 6.36136
378500 0.189225 6.27958
378600 0.189275 6.31363
378700 0.189325 6.29145
378800 0.189375 6.33343
378900 0.189425 6.29843
379000 0.189475 6.283
379100 0.189525 6.33594
379200 0.189575 6.31481
379300 0.189625 6.29992
379400 0.189675 6.45017
379500 0.189725 6.43252
379600 0.189775 6.36425
379700 0.189825 6.33847
379800 0.189875 6.25882
379900 0.189925 6.30092
380000 0.189975 6.36653
380100 0.190025 6.36876
380200 0.190075 6.39805
380300 0.190125 6.33901
380400 0.190175 6.27257
380500 0.190225 6.35925
380600 0.190275 6.34552
380700 0.190325 6.37291
380800 0.190375 6.35112
380900 0.190425 6.38522
381000 0.190475 6.38624
381100 0.190525 6.37013
381200 0.190575 6.36348
381300 0.190625 6.35688
381400 0.190675 6.41388
381500 0.190725 6.30332
381600 0.190775 6.34443
381700 0.190825 6.4019
381800 0.190875 6.40314
381900 0.190925 6.35949
382000 0.190975 6.4401
382100 0.191025 6.37402
382200 0.191075 6.3551
382300 0.191125 6.38146
382400 0.191175 6.30489
382500 0.191225 6.31081
382600 0.191275 6.40385
382700 0.191325 6.41033
382800 0.191375 6.39269
382900 0.191425 6.38841
383000 0.191475 6.47441
383100 0.191525 6.39661
383200 0.191575 6.33974
383300 0.191625 6.37306
383400 0.191675 6.37811
383500 0.191725 6.44262
383600 0.191775 6.4868
383700 0.191825 6.40114
383800 0.191875 6.39541
383900 0.191925 6.40678
384000 0.191975 6.38872
384100 0.192025 6.29175
384200 0.192075 6.33328
384300 0.192125 6.37988
384400 0.192175 6.46033
384500 0.192225 6.44685
384600 0.192275 6.43619
384700 0.192325 6.41694
384800 0.192375 6.46331
384900 0.192425 6.34116
385000 0.192475 6.35683
385100 0.192525 6.3144
385200 0.192575 6.42677
385300 0.192625 6.31596
385400 0.192675 6.36026
385500 0.192725 6.4204
385600 0.192775 6.37945
385700 0.192825 6.34091
385800 0.192875 6.3465
385900 0.192925 6.32411
386000 0.192975 6.34824
386100 0.193025 6.39741
386200 0.193075 6.47219
386300 0.193125 6.4024
386400 0.193175 6.39744
386500 0.193225 6.3256
386600 0.193275 6.33203
386700 0.193325 6.25357
386800 0.193375 6.26589
386900 0.193425 6.37997
387000 0.193475 6.33446
387100 0.193525 6.40575
387200 0.193575 6.45041
387300 0.193625 6.49389
387400 0.193675 6.41006
387500 0.193725 6.30675
387600 0.193775 6.28198
387700 0.193825 6.2459
387800 0.193875 6.29872
387900 0.193925 6.44854
388000 0.193975 6.56743
388100 0.194025 6.51175
388200 0.194075 6.48576
388300 0.194125 6.39081
388400 0.194175 6.31877
388500 0.194225 6.26571
388600 0.194275 6.40926
388700 0.194325 6.48968
388800 0.194375 6.49861
388900 0.194425 6.46128
389000 0.194475 6.47711
389100 0.194525 6.43831
389200 0.194575 6.45114
389300 0.194625 6.4672
389400 0.194675 6.4402
389500 0.194725 6.39759
389600 0.194775 6.42452
389700 0.194825 6.48326
389800 0.194875 6.5047
389900 0.194925 6.49414
390000 0.194975 6.45075
390100 0.195025 6.37209
390200 0.195075 6.3719
390300 0.195125 6.45098
390400 0.195175 6.45187
390500 0.195225 6.43263
390600 0.195275 6.47711
390700 0.195325 6.39028
390800 0.195375 6.4381
390900 0.195425 6.39904
391000 0.195475 6.50499
391100 0.195525 6.44515
391200 0.195575 6.48947
391300 0.195625 6.45874
391400 0.195675 6.37273
391500 0.195725 6.42935
391600 0.195775 6.39693
391700 0.195825 6.33718
391800 0.195875 6.33925
391900 0.195925 6.37163
392000 0.195975 6.43088
392100 0.196025 6.35053
392200 0.196075 6.35271
392300 0.196125 6.26032
392400 0.196175 6.25294
392500 0.196225 6.3468
392600 0.196275 6.37813
392700 0.196325 6.42031
392800 0.196375 6.37466
392900 0.196425 6.40121
393000 0.196475 6.43468
393100 0.196525 6.33725
393200 0.196575 6.29038
393300 0.196625 6.2555
393400 0.196675 6.2854
393500 0.196725 6.26359
393600 0.196775 6.34435
393700 0.196825 6.35225
393800 0.196875 6.39218
393900 0.196925 6.38476
394000 0.196975 6.29968
394100 0.197025 6.29187
394200 0.197075 6.26469
394300 0.197125 6.27164
394400 0.197175 6.30339
394500 0.197225 6.34322
394600 0.197275 6.28634
394700 0.197325 6.39807
394800 0.197375 6.42113
394900 0.197425 6.38806
395000 0.197475 6.39294
395100 0.197525 6.301
395200 0.197575 6.34628
395300 0.197625 6.31017
395400 0.197675 6.32515
395500 0.197725 6.29479
395600 0.197775 6.19112
395700 0.197825 6.32866
395800 0.197875 6.40525
395900 0.197925 6.31852
396000 0.197975 6.39124
396100 0.198025 6.4189
396200 0.198075 6.42918
396300 0.198125 6.3772
396400 0.198175 6.4123
396500 0.198225 6.3603
396600 0.198275 6.38564
396700 0.198325 6.3419
396800 0.198375 6.34685
396900 0.198425 6.37943
397000 0.198475 6.34115
397100 0.198525 6.27805
397200 0.198575 6.30026
397300 0.198625 6.30006
397400 0.198675 6.26709
397500 0.198725 6.3883
397600 0.198775 6.38615
397700 0.198825 6.43086
397800 0.198875 6.3426
397900 0.198925 6.37322
398000 0.198975 6.39454
398100 0.199025 6.34878
398200 0.199075 6.29497
398300 0.199125 6.36235
398400 0.199175 6.40591
398500 0.199225 6.34707
398600 0.199275 6.34978
398700 0.199325 6.36869
398800 0.199375 6.31606
398900 0.199425 6.36572
399000 0.199475 6.39904
399100 0.199525 6.41737
399200 0.199575 6.45748
399300 0.199625 6.33715
399400 0.199675 6.35405
399500 0.199725 6.37102
399600 0.199775 6.42755
399700 0.199825 6.46018
399800 0.199875 6.44853
399900 0.199925 6.3667
400000 0.199975 6.30881
